    1   0      0 7 488.11 0.5 1000   1 1 1 68.61 69.73 0.43 1
    1 0.5  0.531 7                   0 0 1 68.61 69.73 0.43 1
    1   1  0.983 7                   0 0 1 68.61 69.73 0.43 1
    1   8  8.819 7                   0 0 1 68.61 69.73 0.43 1
    1  24 23.653 7                   0 0 1 68.61 69.73 0.43 1
    2   0      0 7 650.37 0.5 1000   1 1 1 81.68 92.91 1.27 0
    2 0.5  0.563 7                   0 0 1 81.68 92.91 1.27 0
    2   1  1.055 7                   0 0 1 81.68 92.91 1.27 0
    2   8  8.155 7                   0 0 1 81.68 92.91 1.27 0
    2  24 21.347 7                   0 0 1 81.68 92.91 1.27 0
    3   0      0 7 177.87 0.5  400   1 1 1 51.11 25.41 0.38 1
    3 0.5   0.56 7                   0 0 1 51.11 25.41 0.38 1
    3   1  1.069 7                   0 0 1 51.11 25.41 0.38 1
    3   8  7.962 7                   0 0 1 51.11 25.41 0.38 1
    3  24 25.881 7                   0 0 1 51.11 25.41 0.38 1
    4   0      0 7 394.45 0.5  800   1 1 1 63.87 56.35 0.85 0
    4 0.5  0.451 7                   0 0 1 63.87 56.35 0.85 0
    4   1    0.9 7                   0 0 1 63.87 56.35 0.85 0
    4   8  7.781 7                   0 0 1 63.87 56.35 0.85 0
    4  24 24.503 7                   0 0 1 63.87 56.35 0.85 0
    5   0      0 7 482.09 0.5 1000   1 1 1  79.7 68.87 0.65 0
    5 0.5  0.487 7                   0 0 1  79.7 68.87 0.65 0
    5   1  1.048 7                   0 0 1  79.7 68.87 0.65 0
    5   8  6.653 7                   0 0 1  79.7 68.87 0.65 0
    5  24 24.708 7                   0 0 1  79.7 68.87 0.65 0
    6   0      0 7 522.69 0.5 1000   1 1 1 81.79 74.67  1.1 1
    6 0.5  0.528 7                   0 0 1 81.79 74.67  1.1 1
    6   1   0.99 7                   0 0 1 81.79 74.67  1.1 1
    6   8  8.387 7                   0 0 1 81.79 74.67  1.1 1
    6  24 24.076 7                   0 0 1 81.79 74.67  1.1 1
    7   0      0 7 617.68 0.5 1000   1 1 1 80.16 88.24 2.18 1
    7 0.5  0.545 7                   0 0 1 80.16 88.24 2.18 1
    7   1  0.999 7                   0 0 1 80.16 88.24 2.18 1
    7   8  7.774 7                   0 0 1 80.16 88.24 2.18 1
    7  24 24.365 7                   0 0 1 80.16 88.24 2.18 1
    8   0      0 7 456.47 0.5  900   1 1 1 43.95 65.21 1.16 0
    8 0.5  0.462 7                   0 0 1 43.95 65.21 1.16 0
    8   1   0.92 7                   0 0 1 43.95 65.21 1.16 0
    8   8  8.443 7                   0 0 1 43.95 65.21 1.16 0
    8  24 22.205 7                   0 0 1 43.95 65.21 1.16 0
    9   0      0 7 344.75 0.5  700   1 1 1 68.24 49.25 0.99 1
    9 0.5   0.51 7                   0 0 1 68.24 49.25 0.99 1
    9   1  1.073 7                   0 0 1 68.24 49.25 0.99 1
    9   8  8.117 7                   0 0 1 68.24 49.25 0.99 1
    9  24 24.787 7                   0 0 1 68.24 49.25 0.99 1
   10   0      0 7 618.94 0.5 1000   1 1 1 68.11 88.42 1.36 0
   10 0.5  0.491 7                   0 0 1 68.11 88.42 1.36 0
   10   1  1.001 7                   0 0 1 68.11 88.42 1.36 0
   10   8  7.761 7                   0 0 1 68.11 88.42 1.36 0
   10  24 24.454 7                   0 0 1 68.11 88.42 1.36 0
   11   0      0 7 622.58 0.5 1000   1 1 1 61.58 88.94 0.81 1
   11 0.5  0.463 7                   0 0 1 61.58 88.94 0.81 1
   11   1  0.968 7                   0 0 1 61.58 88.94 0.81 1
   11   8  7.947 7                   0 0 1 61.58 88.94 0.81 1
   11  24 23.989 7                   0 0 1 61.58 88.94 0.81 1
   12   0      0 7 570.08 0.5 1000   1 1 1 63.33 81.44 0.88 0
   12 0.5  0.507 7                   0 0 1 63.33 81.44 0.88 0
   12   1  0.946 7                   0 0 1 63.33 81.44 0.88 0
   12   8  8.317 7                   0 0 1 63.33 81.44 0.88 0
   12  24 22.852 7                   0 0 1 63.33 81.44 0.88 0
   13   0      0 7 575.26 0.5 1000   1 1 1 90.82 82.18 0.82 0
   13 0.5  0.497 7                   0 0 1 90.82 82.18 0.82 0
   13   1  1.069 7                   0 0 1 90.82 82.18 0.82 0
   13   8  7.535 7                   0 0 1 90.82 82.18 0.82 0
   13  24 21.745 7                   0 0 1 90.82 82.18 0.82 0
   14   0      0 7 409.71 0.5  800   1 1 1 57.92 58.53 0.73 1
   14 0.5  0.486 7                   0 0 1 57.92 58.53 0.73 1
   14   1  1.116 7                   0 0 1 57.92 58.53 0.73 1
   14   8  7.572 7                   0 0 1 57.92 58.53 0.73 1
   14  24 24.893 7                   0 0 1 57.92 58.53 0.73 1
   15   0      0 7 598.22 0.5 1000   1 1 1 58.12 85.46 1.06 0
   15 0.5  0.494 7                   0 0 1 58.12 85.46 1.06 0
   15   1  0.969 7                   0 0 1 58.12 85.46 1.06 0
   15   8  6.976 7                   0 0 1 58.12 85.46 1.06 0
   15  24 24.422 7                   0 0 1 58.12 85.46 1.06 0
   16   0      0 7 472.64 0.5  900   1 1 1 83.41 67.52 1.23 0
   16 0.5  0.485 7                   0 0 1 83.41 67.52 1.23 0
   16   1  0.943 7                   0 0 1 83.41 67.52 1.23 0
   16   8  7.164 7                   0 0 1 83.41 67.52 1.23 0
   16  24 24.232 7                   0 0 1 83.41 67.52 1.23 0
   17   0      0 7 570.85 0.5 1000   1 1 1 58.22 81.55 0.78 0
   17 0.5  0.531 7                   0 0 1 58.22 81.55 0.78 0
   17   1  0.953 7                   0 0 1 58.22 81.55 0.78 0
   17   8  8.065 7                   0 0 1 58.22 81.55 0.78 0
   17  24 25.251 7                   0 0 1 58.22 81.55 0.78 0
   18   0      0 7 599.06 0.5 1000   1 1 1 75.01 85.58 0.89 1
   18 0.5  0.544 7                   0 0 1 75.01 85.58 0.89 1
   18   1  0.993 7                   0 0 1 75.01 85.58 0.89 1
   18   8  8.951 7                   0 0 1 75.01 85.58 0.89 1
   18  24  24.81 7                   0 0 1 75.01 85.58 0.89 1
   19   0      0 7 456.82 0.5  900   1 1 1 58.36 65.26 1.12 1
   19 0.5  0.485 7                   0 0 1 58.36 65.26 1.12 1
   19   1  1.155 7                   0 0 1 58.36 65.26 1.12 1
   19   8  7.802 7                   0 0 1 58.36 65.26 1.12 1
   19  24 24.667 7                   0 0 1 58.36 65.26 1.12 1
   20   0      0 7 336.35 0.5  700   1 1 1 48.27 48.05 0.73 0
   20 0.5  0.457 7                   0 0 1 48.27 48.05 0.73 0
   20   1  1.048 7                   0 0 1 48.27 48.05 0.73 0
   20   8  8.316 7                   0 0 1 48.27 48.05 0.73 0
   20  24 25.708 7                   0 0 1 48.27 48.05 0.73 0
   21   0      0 7 668.99 0.5 1000   1 1 1 77.52 95.57 1.45 0
   21 0.5  0.497 7                   0 0 1 77.52 95.57 1.45 0
   21   1  0.993 7                   0 0 1 77.52 95.57 1.45 0
   21   8  7.651 7                   0 0 1 77.52 95.57 1.45 0
   21  24 26.291 7                   0 0 1 77.52 95.57 1.45 0
   22   0      0 7 643.09 0.5 1000   1 1 1 72.73 91.87 1.39 1
   22 0.5  0.496 7                   0 0 1 72.73 91.87 1.39 1
   22   1  1.174 7                   0 0 1 72.73 91.87 1.39 1
   22   8  8.053 7                   0 0 1 72.73 91.87 1.39 1
   22  24 22.525 7                   0 0 1 72.73 91.87 1.39 1
   23   0      0 7 670.53 0.5 1000   1 1 1 85.87 95.79 0.86 0
   23 0.5  0.484 7                   0 0 1 85.87 95.79 0.86 0
   23   1  0.977 7                   0 0 1 85.87 95.79 0.86 0
   23   8  8.091 7                   0 0 1 85.87 95.79 0.86 0
   23  24 23.746 7                   0 0 1 85.87 95.79 0.86 0
   24   0      0 7 484.33 0.5 1000   1 1 1 57.64 69.19 0.87 1
   24 0.5  0.452 7                   0 0 1 57.64 69.19 0.87 1
   24   1  1.082 7                   0 0 1 57.64 69.19 0.87 1
   24   8  8.183 7                   0 0 1 57.64 69.19 0.87 1
   24  24 25.547 7                   0 0 1 57.64 69.19 0.87 1
   25   0      0 7 650.79 0.5 1000   1 1 1 54.65 92.97  1.3 1
   25 0.5  0.501 7                   0 0 1 54.65 92.97  1.3 1
   25   1  0.964 7                   0 0 1 54.65 92.97  1.3 1
   25   8  7.484 7                   0 0 1 54.65 92.97  1.3 1
   25  24 23.299 7                   0 0 1 54.65 92.97  1.3 1
   26   0      0 7 534.38 0.5 1000   1 1 1 82.35 76.34 1.04 1
   26 0.5  0.563 7                   0 0 1 82.35 76.34 1.04 1
   26   1  1.007 7                   0 0 1 82.35 76.34 1.04 1
   26   8  8.023 7                   0 0 1 82.35 76.34 1.04 1
   26  24 20.939 7                   0 0 1 82.35 76.34 1.04 1
   27   0      0 7 642.32 0.5 1000   1 1 1 33.12 91.76 0.95 1
   27 0.5  0.479 7                   0 0 1 33.12 91.76 0.95 1
   27   1  0.973 7                   0 0 1 33.12 91.76 0.95 1
   27   8  7.843 7                   0 0 1 33.12 91.76 0.95 1
   27  24 23.363 7                   0 0 1 33.12 91.76 0.95 1
   28   0      0 7 614.46 0.5 1000   1 1 1 42.74 87.78  0.8 1
   28 0.5  0.464 7                   0 0 1 42.74 87.78  0.8 1
   28   1  1.076 7                   0 0 1 42.74 87.78  0.8 1
   28   8  8.279 7                   0 0 1 42.74 87.78  0.8 1
   28  24 23.754 7                   0 0 1 42.74 87.78  0.8 1
   29   0      0 7 341.04 0.5  700   1 1 1 67.33 48.72 1.36 0
   29 0.5  0.522 7                   0 0 1 67.33 48.72 1.36 0
   29   1  1.016 7                   0 0 1 67.33 48.72 1.36 0
   29   8  7.996 7                   0 0 1 67.33 48.72 1.36 0
   29  24 26.144 7                   0 0 1 67.33 48.72 1.36 0
   30   0      0 7 461.72 0.5  900   1 1 1 60.79 65.96  0.8 0
   30 0.5  0.528 7                   0 0 1 60.79 65.96  0.8 0
   30   1  1.004 7                   0 0 1 60.79 65.96  0.8 0
   30   8  7.396 7                   0 0 1 60.79 65.96  0.8 0
   30  24   19.4 7                   0 0 1 60.79 65.96  0.8 0
   31   0      0 7 535.92 0.5 1000   1 1 1 55.17 76.56 0.72 1
   31 0.5   0.53 7                   0 0 1 55.17 76.56 0.72 1
   31   1  1.027 7                   0 0 1 55.17 76.56 0.72 1
   31   8  7.786 7                   0 0 1 55.17 76.56 0.72 1
   31  24 27.982 7                   0 0 1 55.17 76.56 0.72 1
   32   0      0 7 431.06 0.5  900   1 1 1 25.81 61.58 1.42 0
   32 0.5  0.463 7                   0 0 1 25.81 61.58 1.42 0
   32   1  1.033 7                   0 0 1 25.81 61.58 1.42 0
   32   8   6.53 7                   0 0 1 25.81 61.58 1.42 0
   32  24 22.265 7                   0 0 1 25.81 61.58 1.42 0
   33   0      0 7 323.12 0.5  600   1 1 1 68.84 46.16 1.28 1
   33 0.5  0.472 7                   0 0 1 68.84 46.16 1.28 1
   33   1  1.023 7                   0 0 1 68.84 46.16 1.28 1
   33   8  8.073 7                   0 0 1 68.84 46.16 1.28 1
   33  24 20.667 7                   0 0 1 68.84 46.16 1.28 1
   34   0      0 7 333.41 0.5  700   1 1 1 92.39 47.63 1.09 1
   34 0.5  0.515 7                   0 0 1 92.39 47.63 1.09 1
   34   1  0.971 7                   0 0 1 92.39 47.63 1.09 1
   34   8  8.584 7                   0 0 1 92.39 47.63 1.09 1
   34  24 19.796 7                   0 0 1 92.39 47.63 1.09 1
   35   0      0 7 546.35 0.5 1000   1 1 1 70.27 78.05 0.88 1
   35 0.5  0.523 7                   0 0 1 70.27 78.05 0.88 1
   35   1  0.931 7                   0 0 1 70.27 78.05 0.88 1
   35   8  8.086 7                   0 0 1 70.27 78.05 0.88 1
   35  24 22.508 7                   0 0 1 70.27 78.05 0.88 1
   36   0      0 7 479.64 0.5 1000   1 1 1 67.53 68.52  0.9 0
   36 0.5   0.45 7                   0 0 1 67.53 68.52  0.9 0
   36   1  0.994 7                   0 0 1 67.53 68.52  0.9 0
   36   8  8.162 7                   0 0 1 67.53 68.52  0.9 0
   36  24 25.692 7                   0 0 1 67.53 68.52  0.9 0
   37   0      0 7 538.44 0.5 1000   1 1 1    26 76.92 1.18 1
   37 0.5  0.499 7                   0 0 1    26 76.92 1.18 1
   37   1   0.93 7                   0 0 1    26 76.92 1.18 1
   37   8  7.572 7                   0 0 1    26 76.92 1.18 1
   37  24 23.688 7                   0 0 1    26 76.92 1.18 1
   38   0      0 7 377.93 0.5  800   1 1 1 53.08 53.99 0.82 0
   38 0.5  0.516 7                   0 0 1 53.08 53.99 0.82 0
   38   1  1.084 7                   0 0 1 53.08 53.99 0.82 0
   38   8  7.741 7                   0 0 1 53.08 53.99 0.82 0
   38  24 24.301 7                   0 0 1 53.08 53.99 0.82 0
   39   0      0 7 467.81 0.5  900   1 1 1 77.37 66.83 1.03 1
   39 0.5  0.506 7                   0 0 1 77.37 66.83 1.03 1
   39   1  1.118 7                   0 0 1 77.37 66.83 1.03 1
   39   8  7.484 7                   0 0 1 77.37 66.83 1.03 1
   39  24 25.829 7                   0 0 1 77.37 66.83 1.03 1
   40   0      0 7  399.7 0.5  800   1 1 1 66.06  57.1 1.44 1
   40 0.5  0.532 7                   0 0 1 66.06  57.1 1.44 1
   40   1  0.958 7                   0 0 1 66.06  57.1 1.44 1
   40   8  8.121 7                   0 0 1 66.06  57.1 1.44 1
   40  24 26.523 7                   0 0 1 66.06  57.1 1.44 1
   41   0      0 7 419.16 0.5  800   1 1 1 68.06 59.88 1.61 0
   41 0.5  0.543 7                   0 0 1 68.06 59.88 1.61 0
   41   1  0.987 7                   0 0 1 68.06 59.88 1.61 0
   41   8  7.103 7                   0 0 1 68.06 59.88 1.61 0
   41  24 20.914 7                   0 0 1 68.06 59.88 1.61 0
   42   0      0 7 380.73 0.5  800   1 1 1 75.72 54.39 1.44 1
   42 0.5  0.554 7                   0 0 1 75.72 54.39 1.44 1
   42   1  0.984 7                   0 0 1 75.72 54.39 1.44 1
   42   8  8.316 7                   0 0 1 75.72 54.39 1.44 1
   42  24 20.038 7                   0 0 1 75.72 54.39 1.44 1
   43   0      0 7 460.53 0.5  900   1 1 1 58.07 65.79 1.05 1
   43 0.5  0.516 7                   0 0 1 58.07 65.79 1.05 1
   43   1  1.091 7                   0 0 1 58.07 65.79 1.05 1
   43   8  8.181 7                   0 0 1 58.07 65.79 1.05 1
   43  24 26.079 7                   0 0 1 58.07 65.79 1.05 1
   44   0      0 7 568.47 0.5 1000   1 1 1 70.23 81.21 1.01 0
   44 0.5  0.516 7                   0 0 1 70.23 81.21 1.01 0
   44   1  1.048 7                   0 0 1 70.23 81.21 1.01 0
   44   8  8.921 7                   0 0 1 70.23 81.21 1.01 0
   44  24 25.894 7                   0 0 1 70.23 81.21 1.01 0
   45   0      0 7 117.32 0.5  200   1 1 1  34.1 16.76 1.43 1
   45 0.5  0.492 7                   0 0 1  34.1 16.76 1.43 1
   45   1  0.999 7                   0 0 1  34.1 16.76 1.43 1
   45   8  8.646 7                   0 0 1  34.1 16.76 1.43 1
   45  24 23.666 7                   0 0 1  34.1 16.76 1.43 1
   46   0      0 7 433.93 0.5  900   1 1 1 52.88 61.99 1.44 0
   46 0.5  0.472 7                   0 0 1 52.88 61.99 1.44 0
   46   1  1.025 7                   0 0 1 52.88 61.99 1.44 0
   46   8  9.398 7                   0 0 1 52.88 61.99 1.44 0
   46  24  24.71 7                   0 0 1 52.88 61.99 1.44 0
   47   0      0 7 338.73 0.5  700   1 1 1 60.75 48.39 0.68 1
   47 0.5  0.474 7                   0 0 1 60.75 48.39 0.68 1
   47   1   1.01 7                   0 0 1 60.75 48.39 0.68 1
   47   8  7.767 7                   0 0 1 60.75 48.39 0.68 1
   47  24  24.53 7                   0 0 1 60.75 48.39 0.68 1
   48   0      0 7 548.03 0.5 1000   1 1 1 39.03 78.29  0.9 1
   48 0.5  0.504 7                   0 0 1 39.03 78.29  0.9 1
   48   1  1.082 7                   0 0 1 39.03 78.29  0.9 1
   48   8   8.29 7                   0 0 1 39.03 78.29  0.9 1
   48  24 22.858 7                   0 0 1 39.03 78.29  0.9 1
   49   0      0 7 609.21 0.5 1000   1 1 1 78.59 87.03 1.18 0
   49 0.5  0.513 7                   0 0 1 78.59 87.03 1.18 0
   49   1  0.979 7                   0 0 1 78.59 87.03 1.18 0
   49   8  7.675 7                   0 0 1 78.59 87.03 1.18 0
   49  24 22.234 7                   0 0 1 78.59 87.03 1.18 0
   50   0      0 7 445.41 0.5  900   1 1 1 81.69 63.63 1.51 0
   50 0.5  0.517 7                   0 0 1 81.69 63.63 1.51 0
   50   1  0.988 7                   0 0 1 81.69 63.63 1.51 0
   50   8  8.196 7                   0 0 1 81.69 63.63 1.51 0
   50  24  25.96 7                   0 0 1 81.69 63.63 1.51 0
