TABLE NO.  1
          ID        TIME        NTIM         AMT        RATE          DV        EVID         MDV         AGE        WTKG         SCR         SEX        CRCL          CL           V        ETA1        THAL         MRT        AREA        AUMC         VSS        IWRE        IRES        IPRE          DV        PRED        RES         WRES
  1.0000E+00  0.0000E+00  0.0000E+00  4.8811E+02  1.0000E+03  0.0000E+00  1.0000E+00  1.0000E+00  6.8610E+01  6.9730E+01  4.3000E-01  1.0000E+00  1.3667E+02  8.7101E-01  1.2290E+01 -2.5457E-02  9.7803E+00  1.4110E+01  8.0366E+00  1.1340E+02  1.2290E+01         NAN  0.0000E+00  0.0000E+00  0.0000E+00  0.0000E+00  0.0000E+00  0.0000E+00
  1.0000E+00  5.3100E-01  5.0000E-01  0.0000E+00  0.0000E+00  3.5858E+02  0.0000E+00  0.0000E+00  6.8610E+01  6.9730E+01  4.3000E-01  1.0000E+00  1.3667E+02  8.7101E-01  1.2290E+01 -2.5457E-02  9.7803E+00  1.4110E+01  8.0366E+00  1.1340E+02  1.2290E+01 -1.0000E+00 -4.7831E+02  4.7831E+02  3.5858E+02  4.7806E+02 -1.1948E+02  0.0000E+00
  1.0000E+00  9.8300E-01  1.0000E+00  0.0000E+00  0.0000E+00  2.8256E+02  0.0000E+00  0.0000E+00  6.8610E+01  6.9730E+01  4.3000E-01  1.0000E+00  1.3667E+02  8.7101E-01  1.2290E+01 -2.5457E-02  9.7803E+00  1.4110E+01  8.0366E+00  1.1340E+02  1.2290E+01 -1.0000E+00 -4.6323E+02  4.6323E+02  2.8256E+02  4.6260E+02 -1.8004E+02  0.0000E+00
  1.0000E+00  8.8190E+00  8.0000E+00  0.0000E+00  0.0000E+00  3.0196E+02  0.0000E+00  0.0000E+00  6.8610E+01  6.9730E+01  4.3000E-01  1.0000E+00  1.3667E+02  8.7101E-01  1.2290E+01 -2.5457E-02  9.7803E+00  1.4110E+01  8.0366E+00  1.1340E+02  1.2290E+01 -1.0000E+00 -2.6583E+02  2.6583E+02  3.0196E+02  2.6170E+02  4.0263E+01  0.0000E+00
  1.0000E+00  2.3653E+01  2.4000E+01  0.0000E+00  0.0000E+00  7.1680E+01  0.0000E+00  0.0000E+00  6.8610E+01  6.9730E+01  4.3000E-01  1.0000E+00  1.3667E+02  8.7101E-01  1.2290E+01 -2.5457E-02  9.7803E+00  1.4110E+01  8.0366E+00  1.1340E+02  1.2290E+01 -1.0000E+00 -9.2904E+01  9.2904E+01  7.1680E+01  8.9014E+01 -1.7334E+01  0.0000E+00
  2.0000E+00  0.0000E+00  0.0000E+00  6.5037E+02  1.0000E+03  0.0000E+00  1.0000E+00  1.0000E+00  8.1680E+01  9.2910E+01  1.2700E+00  0.0000E+00  5.9258E+01  4.3476E-01  1.2290E+01 -5.5102E-01  1.9594E+01  2.8269E+01  1.6101E+01  4.5515E+02  1.2290E+01         NAN  0.0000E+00  0.0000E+00  0.0000E+00  0.0000E+00  0.0000E+00  0.0000E+00
  2.0000E+00  5.6300E-01  5.0000E-01  0.0000E+00  0.0000E+00  2.7304E+02  0.0000E+00  0.0000E+00  8.1680E+01  9.2910E+01  1.2700E+00  0.0000E+00  5.9258E+01  4.3476E-01  1.2290E+01 -5.5102E-01  1.9594E+01  2.8269E+01  1.6101E+01  4.5515E+02  1.2290E+01 -1.0000E+00 -5.5743E+02  5.5743E+02  2.7304E+02  5.5338E+02 -2.8034E+02  0.0000E+00
  2.0000E+00  1.0550E+00  1.0000E+00  0.0000E+00  0.0000E+00  9.1879E+02  0.0000E+00  0.0000E+00  8.1680E+01  9.2910E+01  1.2700E+00  0.0000E+00  5.9258E+01  4.3476E-01  1.2290E+01 -5.5102E-01  1.9594E+01  2.8269E+01  1.6101E+01  4.5515E+02  1.2290E+01 -1.0000E+00 -6.3381E+02  6.3381E+02  9.1879E+02  6.2192E+02  2.9687E+02  0.0000E+00
  2.0000E+00  8.1550E+00  8.0000E+00  0.0000E+00  0.0000E+00  6.1341E+02  0.0000E+00  0.0000E+00  8.1680E+01  9.2910E+01  1.2700E+00  0.0000E+00  5.9258E+01  4.3476E-01  1.2290E+01 -5.5102E-01  1.9594E+01  2.8269E+01  1.6101E+01  4.5515E+02  1.2290E+01 -1.0000E+00 -4.9304E+02  4.9304E+02  6.1341E+02  4.0224E+02  2.1117E+02  0.0000E+00
  2.0000E+00  2.1347E+01  2.4000E+01  0.0000E+00  0.0000E+00  3.1167E+02  0.0000E+00  0.0000E+00  8.1680E+01  9.2910E+01  1.2700E+00  0.0000E+00  5.9258E+01  4.3476E-01  1.2290E+01 -5.5102E-01  1.9594E+01  2.8269E+01  1.6101E+01  4.5515E+02  1.2290E+01 -1.0000E+00 -3.0918E+02  3.0918E+02  3.1167E+02  1.7900E+02  1.3267E+02  0.0000E+00
  3.0000E+00  0.0000E+00  0.0000E+00  1.7787E+02  4.0000E+02  0.0000E+00  1.0000E+00  1.0000E+00  5.1110E+01  2.5410E+01  3.8000E-01  1.0000E+00  7.0171E+01  9.2059E-01  1.2290E+01  1.6496E-01  9.2536E+00  1.3350E+01  7.6038E+00  1.0151E+02  1.2290E+01         NAN  0.0000E+00  0.0000E+00  0.0000E+00  0.0000E+00  0.0000E+00  0.0000E+00
  3.0000E+00  5.6000E-01  5.0000E-01  0.0000E+00  0.0000E+00  2.7753E+02  0.0000E+00  0.0000E+00  5.1110E+01  2.5410E+01  3.8000E-01  1.0000E+00  7.0171E+01  9.2059E-01  1.2290E+01  1.6496E-01  9.2536E+00  1.3350E+01  7.6038E+00  1.0151E+02  1.2290E+01 -1.0000E+00 -1.7344E+02  1.7344E+02  2.7753E+02  1.7410E+02  1.0343E+02  0.0000E+00
  3.0000E+00  1.0690E+00  1.0000E+00  0.0000E+00  0.0000E+00  1.9992E+02  0.0000E+00  0.0000E+00  5.1110E+01  2.5410E+01  3.8000E-01  1.0000E+00  7.0171E+01  9.2059E-01  1.2290E+01  1.6496E-01  9.2536E+00  1.3350E+01  7.6038E+00  1.0151E+02  1.2290E+01 -1.0000E+00 -1.6695E+02  1.6695E+02  1.9992E+02  1.6856E+02  3.1360E+01  0.0000E+00
  3.0000E+00  7.9620E+00  8.0000E+00  0.0000E+00  0.0000E+00  1.0817E+02  0.0000E+00  0.0000E+00  5.1110E+01  2.5410E+01  3.8000E-01  1.0000E+00  7.0171E+01  9.2059E-01  1.2290E+01  1.6496E-01  9.2536E+00  1.3350E+01  7.6038E+00  1.0151E+02  1.2290E+01 -1.0000E+00 -9.9619E+01  9.9619E+01  1.0817E+02  1.0880E+02 -6.3217E-01  0.0000E+00
  3.0000E+00  2.5881E+01  2.4000E+01  0.0000E+00  0.0000E+00  1.5526E+01  0.0000E+00  0.0000E+00  5.1110E+01  2.5410E+01  3.8000E-01  1.0000E+00  7.0171E+01  9.2059E-01  1.2290E+01  1.6496E-01  9.2536E+00  1.3350E+01  7.6038E+00  1.0151E+02  1.2290E+01 -1.0000E+00 -2.6027E+01  2.6027E+01  1.5526E+01  3.4862E+01 -1.9336E+01  0.0000E+00
  4.0000E+00  0.0000E+00  0.0000E+00  3.9445E+02  8.0000E+02  0.0000E+00  1.0000E+00  1.0000E+00  6.3870E+01  5.6350E+01  8.5000E-01  0.0000E+00  7.0097E+01  7.3678E-01  1.2290E+01 -5.7545E-02  1.1562E+01  1.6681E+01  9.5008E+00  1.5848E+02  1.2290E+01         NAN  0.0000E+00  0.0000E+00  0.0000E+00  0.0000E+00  0.0000E+00  0.0000E+00
  4.0000E+00  4.5100E-01  5.0000E-01  0.0000E+00  0.0000E+00  6.7361E+01  0.0000E+00  0.0000E+00  6.3870E+01  5.6350E+01  8.5000E-01  0.0000E+00  7.0097E+01  7.3678E-01  1.2290E+01 -5.7545E-02  1.1562E+01  1.6681E+01  9.5008E+00  1.5848E+02  1.2290E+01 -1.0000E+00 -3.5597E+02  3.5597E+02  6.7361E+01  3.5568E+02 -2.8832E+02  0.0000E+00
  4.0000E+00  9.0000E-01  1.0000E+00  0.0000E+00  0.0000E+00  2.6313E+02  0.0000E+00  0.0000E+00  6.3870E+01  5.6350E+01  8.5000E-01  0.0000E+00  7.0097E+01  7.3678E-01  1.2290E+01 -5.7545E-02  1.1562E+01  1.6681E+01  9.5008E+00  1.5848E+02  1.2290E+01 -1.0000E+00 -3.7931E+02  3.7931E+02  2.6313E+02  3.7843E+02 -1.1531E+02  0.0000E+00
  4.0000E+00  7.7810E+00  8.0000E+00  0.0000E+00  0.0000E+00  3.1939E+02  0.0000E+00  0.0000E+00  6.3870E+01  5.6350E+01  8.5000E-01  0.0000E+00  7.0097E+01  7.3678E-01  1.2290E+01 -5.7545E-02  1.1562E+01  1.6681E+01  9.5008E+00  1.5848E+02  1.2290E+01 -1.0000E+00 -2.5110E+02  2.5110E+02  3.1939E+02  2.4447E+02  7.4925E+01  0.0000E+00
  4.0000E+00  2.4503E+01  2.4000E+01  0.0000E+00  0.0000E+00  4.6807E+01  0.0000E+00  0.0000E+00  6.3870E+01  5.6350E+01  8.5000E-01  0.0000E+00  7.0097E+01  7.3678E-01  1.2290E+01 -5.7545E-02  1.1562E+01  1.6681E+01  9.5008E+00  1.5848E+02  1.2290E+01 -1.0000E+00 -9.2145E+01  9.2145E+01  4.6807E+01  8.4541E+01 -3.7733E+01  0.0000E+00
  5.0000E+00  0.0000E+00  0.0000E+00  4.8209E+02  1.0000E+03  0.0000E+00  1.0000E+00  1.0000E+00  7.9700E+01  6.8870E+01  6.5000E-01  0.0000E+00  8.8736E+01  8.2036E-01  1.2290E+01  2.1389E-03  1.0384E+01  1.4981E+01  8.5328E+00  1.2783E+02  1.2290E+01         NAN  0.0000E+00  0.0000E+00  0.0000E+00  0.0000E+00  0.0000E+00  0.0000E+00
  5.0000E+00  4.8700E-01  5.0000E-01  0.0000E+00  0.0000E+00  4.1810E+02  0.0000E+00  0.0000E+00  7.9700E+01  6.8870E+01  6.5000E-01  0.0000E+00  8.8736E+01  8.2036E-01  1.2290E+01  2.1389E-03  1.0384E+01  1.4981E+01  8.5328E+00  1.2783E+02  1.2290E+01 -1.0000E+00 -4.7426E+02  4.7426E+02  4.1810E+02  4.7428E+02 -5.6182E+01  0.0000E+00
  5.0000E+00  1.0480E+00  1.0000E+00  0.0000E+00  0.0000E+00  5.3377E+02  0.0000E+00  0.0000E+00  7.9700E+01  6.8870E+01  6.5000E-01  0.0000E+00  8.8736E+01  8.2036E-01  1.2290E+01  2.1389E-03  1.0384E+01  1.4981E+01  8.5328E+00  1.2783E+02  1.2290E+01 -1.0000E+00 -4.5683E+02  4.5683E+02  5.3377E+02  4.5688E+02  7.6888E+01  0.0000E+00
  5.0000E+00  6.6530E+00  8.0000E+00  0.0000E+00  0.0000E+00  1.9319E+02  0.0000E+00  0.0000E+00  7.9700E+01  6.8870E+01  6.5000E-01  0.0000E+00  8.8736E+01  8.2036E-01  1.2290E+01  2.1389E-03  1.0384E+01  1.4981E+01  8.5328E+00  1.2783E+02  1.2290E+01 -1.0000E+00 -3.1425E+02  3.1425E+02  1.9319E+02  3.1453E+02 -1.2134E+02  0.0000E+00
  5.0000E+00  2.4708E+01  2.4000E+01  0.0000E+00  0.0000E+00  1.0131E+02  0.0000E+00  0.0000E+00  7.9700E+01  6.8870E+01  6.5000E-01  0.0000E+00  8.8736E+01  8.2036E-01  1.2290E+01  2.1389E-03  1.0384E+01  1.4981E+01  8.5328E+00  1.2783E+02  1.2290E+01 -1.0000E+00 -9.4160E+01  9.4160E+01  1.0131E+02  9.4489E+01  6.8211E+00  0.0000E+00
  6.0000E+00  0.0000E+00  0.0000E+00  5.2269E+02  1.0000E+03  0.0000E+00  1.0000E+00  1.0000E+00  8.1790E+01  7.4670E+01  1.1000E+00  1.0000E+00  4.6648E+01  6.2082E-01  1.2290E+01 -1.4629E-01  1.3722E+01  1.9796E+01  1.1275E+01  2.2321E+02  1.2290E+01         NAN  0.0000E+00  0.0000E+00  0.0000E+00  0.0000E+00  0.0000E+00  0.0000E+00
  6.0000E+00  5.2800E-01  5.0000E-01  0.0000E+00  0.0000E+00  8.3756E+02  0.0000E+00  0.0000E+00  8.1790E+01  7.4670E+01  1.1000E+00  1.0000E+00  4.6648E+01  6.2082E-01  1.2290E+01 -1.4629E-01  1.3722E+01  1.9796E+01  1.1275E+01  2.2321E+02  1.2290E+01 -1.0000E+00 -5.1571E+02  5.1571E+02  8.3756E+02  5.1462E+02  3.2294E+02  0.0000E+00
  6.0000E+00  9.9000E-01  1.0000E+00  0.0000E+00  0.0000E+00  5.2898E+02  0.0000E+00  0.0000E+00  8.1790E+01  7.4670E+01  1.1000E+00  1.0000E+00  4.6648E+01  6.2082E-01  1.2290E+01 -1.4629E-01  1.3722E+01  1.9796E+01  1.1275E+01  2.2321E+02  1.2290E+01 -1.0000E+00 -5.0382E+02  5.0382E+02  5.2898E+02  5.0091E+02  2.8070E+01  0.0000E+00
  6.0000E+00  8.3870E+00  8.0000E+00  0.0000E+00  0.0000E+00  5.0250E+02  0.0000E+00  0.0000E+00  8.1790E+01  7.4670E+01  1.1000E+00  1.0000E+00  4.6648E+01  6.2082E-01  1.2290E+01 -1.4629E-01  1.3722E+01  1.9796E+01  1.1275E+01  2.2321E+02  1.2290E+01 -1.0000E+00 -3.4673E+02  3.4673E+02  5.0250E+02  3.2503E+02  1.7748E+02  0.0000E+00
  6.0000E+00  2.4076E+01  2.4000E+01  0.0000E+00  0.0000E+00  2.2548E+02  0.0000E+00  0.0000E+00  8.1790E+01  7.4670E+01  1.1000E+00  1.0000E+00  4.6648E+01  6.2082E-01  1.2290E+01 -1.4629E-01  1.3722E+01  1.9796E+01  1.1275E+01  2.2321E+02  1.2290E+01 -1.0000E+00 -1.5697E+02  1.5697E+02  2.2548E+02  1.2987E+02  9.5605E+01  0.0000E+00
  7.0000E+00  0.0000E+00  0.0000E+00  6.1768E+02  1.0000E+03  0.0000E+00  1.0000E+00  1.0000E+00  8.0160E+01  8.8240E+01  2.1800E+00  1.0000E+00  2.8595E+01  6.0570E-01  1.2290E+01 -7.1785E-02  1.4064E+01  2.0290E+01  1.1557E+01  2.3449E+02  1.2290E+01         NAN  0.0000E+00  0.0000E+00  0.0000E+00  0.0000E+00  0.0000E+00  0.0000E+00
  7.0000E+00  5.4500E-01  5.0000E-01  0.0000E+00  0.0000E+00  6.9180E+02  0.0000E+00  0.0000E+00  8.0160E+01  8.8240E+01  2.1800E+00  1.0000E+00  2.8595E+01  6.0570E-01  1.2290E+01 -7.1785E-02  1.4064E+01  2.0290E+01  1.1557E+01  2.3449E+02  1.2290E+01 -1.0000E+00 -5.3775E+02  5.3775E+02  6.9180E+02  5.3721E+02  1.5459E+02  0.0000E+00
  7.0000E+00  9.9900E-01  1.0000E+00  0.0000E+00  0.0000E+00  6.7491E+02  0.0000E+00  0.0000E+00  8.0160E+01  8.8240E+01  2.1800E+00  1.0000E+00  2.8595E+01  6.0570E-01  1.2290E+01 -7.1785E-02  1.4064E+01  2.0290E+01  1.1557E+01  2.3449E+02  1.2290E+01 -1.0000E+00 -5.9705E+02  5.9705E+02  6.7491E+02  5.9554E+02  7.9373E+01  0.0000E+00
  7.0000E+00  7.7740E+00  8.0000E+00  0.0000E+00  0.0000E+00  3.1397E+02  0.0000E+00  0.0000E+00  8.0160E+01  8.8240E+01  2.1800E+00  1.0000E+00  2.8595E+01  6.0570E-01  1.2290E+01 -7.1785E-02  1.4064E+01  2.0290E+01  1.1557E+01  2.3449E+02  1.2290E+01 -1.0000E+00 -4.2756E+02  4.2756E+02  3.1397E+02  4.1601E+02 -1.0204E+02  0.0000E+00
  7.0000E+00  2.4365E+01  2.4000E+01  0.0000E+00  0.0000E+00  2.8646E+02  0.0000E+00  0.0000E+00  8.0160E+01  8.8240E+01  2.1800E+00  1.0000E+00  2.8595E+01  6.0570E-01  1.2290E+01 -7.1785E-02  1.4064E+01  2.0290E+01  1.1557E+01  2.3449E+02  1.2290E+01 -1.0000E+00 -1.8875E+02  1.8875E+02  2.8646E+02  1.7281E+02  1.1365E+02  0.0000E+00
  8.0000E+00  0.0000E+00  0.0000E+00  4.5647E+02  9.0000E+02  0.0000E+00  1.0000E+00  1.0000E+00  4.3950E+01  6.5210E+01  1.1600E+00  0.0000E+00  7.4993E+01  8.8234E-01  1.2290E+01  1.0907E-01  9.6547E+00  1.3929E+01  7.9334E+00  1.1050E+02  1.2290E+01         NAN  0.0000E+00  0.0000E+00  0.0000E+00  0.0000E+00  0.0000E+00  0.0000E+00
  8.0000E+00  4.6200E-01  5.0000E-01  0.0000E+00  0.0000E+00  4.6398E+02  0.0000E+00  0.0000E+00  4.3950E+01  6.5210E+01  1.1600E+00  0.0000E+00  7.4993E+01  8.8234E-01  1.2290E+01  1.0907E-01  9.6547E+00  1.3929E+01  7.9334E+00  1.1050E+02  1.2290E+01 -1.0000E+00 -4.0898E+02  4.0898E+02  4.6398E+02  4.0968E+02  5.4303E+01  0.0000E+00
  8.0000E+00  9.2000E-01  1.0000E+00  0.0000E+00  0.0000E+00  4.8433E+02  0.0000E+00  0.0000E+00  4.3950E+01  6.5210E+01  1.1600E+00  0.0000E+00  7.4993E+01  8.8234E-01  1.2290E+01  1.0907E-01  9.6547E+00  1.3929E+01  7.9334E+00  1.1050E+02  1.2290E+01 -1.0000E+00 -4.3517E+02  4.3517E+02  4.8433E+02  4.3732E+02  4.7005E+01  0.0000E+00
  8.0000E+00  8.4430E+00  8.0000E+00  0.0000E+00  0.0000E+00  9.2647E+01  0.0000E+00  0.0000E+00  4.3950E+01  6.5210E+01  1.1600E+00  0.0000E+00  7.4993E+01  8.8234E-01  1.2290E+01  1.0907E-01  9.6547E+00  1.3929E+01  7.9334E+00  1.1050E+02  1.2290E+01 -1.0000E+00 -2.5357E+02  2.5357E+02  9.2647E+01  2.6945E+02 -1.7680E+02  0.0000E+00
  8.0000E+00  2.2205E+01  2.4000E+01  0.0000E+00  0.0000E+00  1.6053E+02  0.0000E+00  0.0000E+00  4.3950E+01  6.5210E+01  1.1600E+00  0.0000E+00  7.4993E+01  8.8234E-01  1.2290E+01  1.0907E-01  9.6547E+00  1.3929E+01  7.9334E+00  1.1050E+02  1.2290E+01 -1.0000E+00 -9.4406E+01  9.4406E+01  1.6053E+02  1.1110E+02  4.9434E+01  0.0000E+00
  9.0000E+00  0.0000E+00  0.0000E+00  3.4475E+02  7.0000E+02  0.0000E+00  1.0000E+00  1.0000E+00  6.8240E+01  4.9250E+01  9.9000E-01  1.0000E+00  4.2144E+01  6.9651E-01  1.2290E+01 -1.0675E-02  1.2231E+01  1.7645E+01  1.0050E+01  1.7733E+02  1.2290E+01         NAN  0.0000E+00  0.0000E+00  0.0000E+00  0.0000E+00  0.0000E+00  0.0000E+00
  9.0000E+00  5.1000E-01  5.0000E-01  0.0000E+00  0.0000E+00  2.2395E+02  0.0000E+00  0.0000E+00  6.8240E+01  4.9250E+01  9.9000E-01  1.0000E+00  4.2144E+01  6.9651E-01  1.2290E+01 -1.0675E-02  1.2231E+01  1.7645E+01  1.0050E+01  1.7733E+02  1.2290E+01 -1.0000E+00 -3.3965E+02  3.3965E+02  2.2395E+02  3.3959E+02 -1.1564E+02  0.0000E+00
  9.0000E+00  1.0730E+00  1.0000E+00  0.0000E+00  0.0000E+00  4.1979E+02  0.0000E+00  0.0000E+00  6.8240E+01  4.9250E+01  9.9000E-01  1.0000E+00  4.2144E+01  6.9651E-01  1.2290E+01 -1.0675E-02  1.2231E+01  1.7645E+01  1.0050E+01  1.7733E+02  1.2290E+01 -1.0000E+00 -3.2898E+02  3.2898E+02  4.1979E+02  3.2882E+02  9.0970E+01  0.0000E+00
  9.0000E+00  8.1170E+00  8.0000E+00  0.0000E+00  0.0000E+00  2.0361E+02  0.0000E+00  0.0000E+00  6.8240E+01  4.9250E+01  9.9000E-01  1.0000E+00  4.2144E+01  6.9651E-01  1.2290E+01 -1.0675E-02  1.2231E+01  1.7645E+01  1.0050E+01  1.7733E+02  1.2290E+01 -1.0000E+00 -2.2070E+02  2.2070E+02  2.0361E+02  2.1964E+02 -1.6030E+01  0.0000E+00
  9.0000E+00  2.4787E+01  2.4000E+01  0.0000E+00  0.0000E+00  1.2449E+02  0.0000E+00  0.0000E+00  6.8240E+01  4.9250E+01  9.9000E-01  1.0000E+00  4.2144E+01  6.9651E-01  1.2290E+01 -1.0675E-02  1.2231E+01  1.7645E+01  1.0050E+01  1.7733E+02  1.2290E+01 -1.0000E+00 -8.5803E+01  8.5803E+01  1.2449E+02  8.4532E+01  3.9961E+01  0.0000E+00
  1.0000E+01  0.0000E+00  0.0000E+00  6.1894E+02  1.0000E+03  0.0000E+00  1.0000E+00  1.0000E+00  6.8110E+01  8.8420E+01  1.3600E+00  0.0000E+00  6.4915E+01  6.7199E-01  1.2290E+01 -1.3403E-01  1.2677E+01  1.8289E+01  1.0417E+01  1.9051E+02  1.2290E+01         NAN  0.0000E+00  0.0000E+00  0.0000E+00  0.0000E+00  0.0000E+00  0.0000E+00
  1.0000E+01  4.9100E-01  5.0000E-01  0.0000E+00  0.0000E+00  3.2628E+02  0.0000E+00  0.0000E+00  6.8110E+01  8.8420E+01  1.3600E+00  0.0000E+00  6.4915E+01  6.7199E-01  1.2290E+01 -1.3403E-01  1.2677E+01  1.8289E+01  1.0417E+01  1.9051E+02  1.2290E+01 -1.0000E+00 -4.8447E+02  4.8447E+02  3.2628E+02  4.8354E+02 -1.5726E+02  0.0000E+00
  1.0000E+01  1.0010E+00  1.0000E+00  0.0000E+00  0.0000E+00  8.3484E+02  0.0000E+00  0.0000E+00  6.8110E+01  8.8420E+01  1.3600E+00  0.0000E+00  6.4915E+01  6.7199E-01  1.2290E+01 -1.3403E-01  1.2677E+01  1.8289E+01  1.0417E+01  1.9051E+02  1.2290E+01 -1.0000E+00 -5.9600E+02  5.9600E+02  8.3484E+02  5.9279E+02  2.4205E+02  0.0000E+00
  1.0000E+01  7.7610E+00  8.0000E+00  0.0000E+00  0.0000E+00  3.8103E+02  0.0000E+00  0.0000E+00  6.8110E+01  8.8420E+01  1.3600E+00  0.0000E+00  6.4915E+01  6.7199E-01  1.2290E+01 -1.3403E-01  1.2677E+01  1.8289E+01  1.0417E+01  1.9051E+02  1.2290E+01 -1.0000E+00 -4.1183E+02  4.1183E+02  3.8103E+02  3.8846E+02 -7.4341E+00  0.0000E+00
  1.0000E+01  2.4454E+01  2.4000E+01  0.0000E+00  0.0000E+00  1.9317E+02  0.0000E+00  0.0000E+00  6.8110E+01  8.8420E+01  1.3600E+00  0.0000E+00  6.4915E+01  6.7199E-01  1.2290E+01 -1.3403E-01  1.2677E+01  1.8289E+01  1.0417E+01  1.9051E+02  1.2290E+01 -1.0000E+00 -1.6532E+02  1.6532E+02  1.9317E+02  1.3680E+02  5.6368E+01  0.0000E+00
  1.1000E+01  0.0000E+00  0.0000E+00  6.2258E+02  1.0000E+03  0.0000E+00  1.0000E+00  1.0000E+00  6.1580E+01  8.8940E+01  8.1000E-01  1.0000E+00  1.0165E+02  8.1943E-01  1.2290E+01 -2.6531E-02  1.0396E+01  1.4998E+01  8.5425E+00  1.2812E+02  1.2290E+01         NAN  0.0000E+00  0.0000E+00  0.0000E+00  0.0000E+00  0.0000E+00  0.0000E+00
  1.1000E+01  4.6300E-01  5.0000E-01  0.0000E+00  0.0000E+00  6.6580E+02  0.0000E+00  0.0000E+00  6.1580E+01  8.8940E+01  8.1000E-01  1.0000E+00  1.0165E+02  8.1943E-01  1.2290E+01 -2.6531E-02  1.0396E+01  1.4998E+01  8.5425E+00  1.2812E+02  1.2290E+01 -1.0000E+00 -4.5593E+02  4.5593E+02  6.6580E+02  4.5574E+02  2.1006E+02  0.0000E+00
  1.1000E+01  9.6800E-01  1.0000E+00  0.0000E+00  0.0000E+00  6.8687E+02  0.0000E+00  0.0000E+00  6.1580E+01  8.8940E+01  8.1000E-01  1.0000E+00  1.0165E+02  8.1943E-01  1.2290E+01 -2.6531E-02  1.0396E+01  1.4998E+01  8.5425E+00  1.2812E+02  1.2290E+01 -1.0000E+00 -5.9595E+02  5.9595E+02  6.8687E+02  5.9525E+02  9.1616E+01  0.0000E+00
  1.1000E+01  7.9470E+00  8.0000E+00  0.0000E+00  0.0000E+00  4.6250E+02  0.0000E+00  0.0000E+00  6.1580E+01  8.8940E+01  8.1000E-01  1.0000E+00  1.0165E+02  8.1943E-01  1.2290E+01 -2.6531E-02  1.0396E+01  1.4998E+01  8.5425E+00  1.2812E+02  1.2290E+01 -1.0000E+00 -3.7422E+02  3.7422E+02  4.6250E+02  3.6913E+02  9.3365E+01  0.0000E+00
  1.1000E+01  2.3989E+01  2.4000E+01  0.0000E+00  0.0000E+00  1.3775E+02  0.0000E+00  0.0000E+00  6.1580E+01  8.8940E+01  8.1000E-01  1.0000E+00  1.0165E+02  8.1943E-01  1.2290E+01 -2.6531E-02  1.0396E+01  1.4998E+01  8.5425E+00  1.2812E+02  1.2290E+01 -1.0000E+00 -1.2841E+02  1.2841E+02  1.3775E+02  1.2308E+02  1.4671E+01  0.0000E+00
  1.2000E+01  0.0000E+00  0.0000E+00  5.7008E+02  1.0000E+03  0.0000E+00  1.0000E+00  1.0000E+00  6.3330E+01  8.1440E+01  8.8000E-01  0.0000E+00  9.8548E+01  1.1502E+00  1.2290E+01  3.1881E-01  7.4065E+00  1.0685E+01  6.0860E+00  6.5031E+01  1.2290E+01         NAN  0.0000E+00  0.0000E+00  0.0000E+00  0.0000E+00  0.0000E+00  0.0000E+00
  1.2000E+01  5.0700E-01  5.0000E-01  0.0000E+00  0.0000E+00  8.3938E+02  0.0000E+00  0.0000E+00  6.3330E+01  8.1440E+01  8.8000E-01  0.0000E+00  9.8548E+01  1.1502E+00  1.2290E+01  3.1881E-01  7.4065E+00  1.0685E+01  6.0860E+00  6.5031E+01  1.2290E+01 -1.0000E+00 -4.9516E+02  4.9516E+02  8.3938E+02  4.9836E+02  3.4102E+02  0.0000E+00
  1.2000E+01  9.4600E-01  1.0000E+00  0.0000E+00  0.0000E+00  6.0894E+02  0.0000E+00  0.0000E+00  6.3330E+01  8.1440E+01  8.8000E-01  0.0000E+00  9.8548E+01  1.1502E+00  1.2290E+01  3.1881E-01  7.4065E+00  1.0685E+01  6.0860E+00  6.5031E+01  1.2290E+01 -1.0000E+00 -5.3595E+02  5.3595E+02  6.0894E+02  5.4505E+02  6.3894E+01  0.0000E+00
  1.2000E+01  8.3170E+00  8.0000E+00  0.0000E+00  0.0000E+00  2.4311E+02  0.0000E+00  0.0000E+00  6.3330E+01  8.1440E+01  8.8000E-01  0.0000E+00  9.8548E+01  1.1502E+00  1.2290E+01  3.1881E-01  7.4065E+00  1.0685E+01  6.0860E+00  6.5031E+01  1.2290E+01 -1.0000E+00 -2.6887E+02  2.6887E+02  2.4311E+02  3.3009E+02 -8.6975E+01  0.0000E+00
  1.2000E+01  2.2852E+01  2.4000E+01  0.0000E+00  0.0000E+00  3.7025E+01  0.0000E+00  0.0000E+00  6.3330E+01  8.1440E+01  8.8000E-01  0.0000E+00  9.8548E+01  1.1502E+00  1.2290E+01  3.1881E-01  7.4065E+00  1.0685E+01  6.0860E+00  6.5031E+01  1.2290E+01 -1.0000E+00 -6.8989E+01  6.8989E+01  3.7025E+01  1.2278E+02 -8.5759E+01  0.0000E+00
  1.3000E+01  0.0000E+00  0.0000E+00  5.7526E+02  1.0000E+03  0.0000E+00  1.0000E+00  1.0000E+00  9.0820E+01  8.2180E+01  8.2000E-01  0.0000E+00  6.8455E+01  6.5999E-01  1.2290E+01 -1.6281E-01  1.2907E+01  1.8622E+01  1.0606E+01  1.9750E+02  1.2290E+01         NAN  0.0000E+00  0.0000E+00  0.0000E+00  0.0000E+00  0.0000E+00  0.0000E+00
  1.3000E+01  4.9700E-01  5.0000E-01  0.0000E+00  0.0000E+00  5.9125E+02  0.0000E+00  0.0000E+00  9.0820E+01  8.2180E+01  8.2000E-01  0.0000E+00  6.8455E+01  6.5999E-01  1.2290E+01 -1.6281E-01  1.2907E+01  1.8622E+01  1.0606E+01  1.9750E+02  1.2290E+01 -1.0000E+00 -4.9043E+02  4.9043E+02  5.9125E+02  4.8928E+02  1.0197E+02  0.0000E+00
  1.3000E+01  1.0690E+00  1.0000E+00  0.0000E+00  0.0000E+00  4.7317E+02  0.0000E+00  0.0000E+00  9.0820E+01  8.2180E+01  8.2000E-01  0.0000E+00  6.8455E+01  6.5999E-01  1.2290E+01 -1.6281E-01  1.2907E+01  1.8622E+01  1.0606E+01  1.9750E+02  1.2290E+01 -1.0000E+00 -5.5164E+02  5.5164E+02  4.7317E+02  5.4757E+02 -7.4402E+01  0.0000E+00
  1.3000E+01  7.5350E+00  8.0000E+00  0.0000E+00  0.0000E+00  5.2128E+02  0.0000E+00  0.0000E+00  9.0820E+01  8.2180E+01  8.2000E-01  0.0000E+00  6.8455E+01  6.5999E-01  1.2290E+01 -1.6281E-01  1.2907E+01  1.8622E+01  1.0606E+01  1.9750E+02  1.2290E+01 -1.0000E+00 -3.8981E+02  3.8981E+02  5.2128E+02  3.6390E+02  1.5738E+02  0.0000E+00
  1.3000E+01  2.1745E+01  2.4000E+01  0.0000E+00  0.0000E+00  1.9983E+02  0.0000E+00  0.0000E+00  9.0820E+01  8.2180E+01  8.2000E-01  0.0000E+00  6.8455E+01  6.5999E-01  1.2290E+01 -1.6281E-01  1.2907E+01  1.8622E+01  1.0606E+01  1.9750E+02  1.2290E+01 -1.0000E+00 -1.8174E+02  1.8174E+02  1.9983E+02  1.4824E+02  5.1586E+01  0.0000E+00
  1.4000E+01  0.0000E+00  0.0000E+00  4.0971E+02  8.0000E+02  0.0000E+00  1.0000E+00  1.0000E+00  5.7920E+01  5.8530E+01  7.3000E-01  1.0000E+00  7.7693E+01  6.6496E-01  1.2290E+01 -1.8096E-01  1.2811E+01  1.8482E+01  1.0527E+01  1.9456E+02  1.2290E+01         NAN  0.0000E+00  0.0000E+00  0.0000E+00  0.0000E+00  0.0000E+00  0.0000E+00
  1.4000E+01  4.8600E-01  5.0000E-01  0.0000E+00  0.0000E+00  2.5325E+02  0.0000E+00  0.0000E+00  5.7920E+01  5.8530E+01  7.3000E-01  1.0000E+00  7.7693E+01  6.6496E-01  1.2290E+01 -1.8096E-01  1.2811E+01  1.8482E+01  1.0527E+01  1.9456E+02  1.2290E+01 -1.0000E+00 -3.8373E+02  3.8373E+02  2.5325E+02  3.8274E+02 -1.2949E+02  0.0000E+00
  1.4000E+01  1.1160E+00  1.0000E+00  0.0000E+00  0.0000E+00  2.4243E+02  0.0000E+00  0.0000E+00  5.7920E+01  5.8530E+01  7.3000E-01  1.0000E+00  7.7693E+01  6.6496E-01  1.2290E+01 -1.8096E-01  1.2811E+01  1.8482E+01  1.0527E+01  1.9456E+02  1.2290E+01 -1.0000E+00 -3.9110E+02  3.9110E+02  2.4243E+02  3.8751E+02 -1.4507E+02  0.0000E+00
  1.4000E+01  7.5720E+00  8.0000E+00  0.0000E+00  0.0000E+00  4.2987E+02  0.0000E+00  0.0000E+00  5.7920E+01  5.8530E+01  7.3000E-01  1.0000E+00  7.7693E+01  6.6496E-01  1.2290E+01 -1.8096E-01  1.2811E+01  1.8482E+01  1.0527E+01  1.9456E+02  1.2290E+01 -1.0000E+00 -2.7579E+02  2.7579E+02  4.2987E+02  2.5497E+02  1.7490E+02  0.0000E+00
  1.4000E+01  2.4893E+01  2.4000E+01  0.0000E+00  0.0000E+00  1.3690E+02  0.0000E+00  0.0000E+00  5.7920E+01  5.8530E+01  7.3000E-01  1.0000E+00  7.7693E+01  6.6496E-01  1.2290E+01 -1.8096E-01  1.2811E+01  1.8482E+01  1.0527E+01  1.9456E+02  1.2290E+01 -1.0000E+00 -1.0804E+02  1.0804E+02  1.3690E+02  8.2937E+01  5.3964E+01  0.0000E+00
  1.5000E+01  0.0000E+00  0.0000E+00  5.9822E+02  1.0000E+03  0.0000E+00  1.0000E+00  1.0000E+00  5.8120E+01  8.5460E+01  1.0600E+00  0.0000E+00  9.1686E+01  9.6014E-01  1.2290E+01  1.5284E-01  8.8725E+00  1.2800E+01  7.2906E+00  9.3322E+01  1.2290E+01         NAN  0.0000E+00  0.0000E+00  0.0000E+00  0.0000E+00  0.0000E+00  0.0000E+00
  1.5000E+01  4.9400E-01  5.0000E-01  0.0000E+00  0.0000E+00  1.5284E+02  0.0000E+00  0.0000E+00  5.8120E+01  8.5460E+01  1.0600E+00  0.0000E+00  9.1686E+01  9.6014E-01  1.2290E+01  1.5284E-01  8.8725E+00  1.2800E+01  7.2906E+00  9.3322E+01  1.2290E+01 -1.0000E+00 -4.8459E+02  4.8459E+02  1.5284E+02  4.8591E+02 -3.3307E+02  0.0000E+00
  1.5000E+01  9.6900E-01  1.0000E+00  0.0000E+00  0.0000E+00  3.0913E+02  0.0000E+00  0.0000E+00  5.8120E+01  8.5460E+01  1.0600E+00  0.0000E+00  9.1686E+01  9.6014E-01  1.2290E+01  1.5284E-01  8.8725E+00  1.2800E+01  7.2906E+00  9.3322E+01  1.2290E+01 -1.0000E+00 -5.6777E+02  5.6777E+02  3.0913E+02  5.7198E+02 -2.6285E+02  0.0000E+00
  1.5000E+01  6.9760E+00  8.0000E+00  0.0000E+00  0.0000E+00  4.1499E+02  0.0000E+00  0.0000E+00  5.8120E+01  8.5460E+01  1.0600E+00  0.0000E+00  9.1686E+01  9.6014E-01  1.2290E+01  1.5284E-01  8.8725E+00  1.2800E+01  7.2906E+00  9.3322E+01  1.2290E+01 -1.0000E+00 -3.5511E+02  3.5511E+02  4.1499E+02  3.8235E+02  3.2641E+01  0.0000E+00
  1.5000E+01  2.4422E+01  2.4000E+01  0.0000E+00  0.0000E+00  6.6553E+01  0.0000E+00  0.0000E+00  5.8120E+01  8.5460E+01  1.0600E+00  0.0000E+00  9.1686E+01  9.6014E-01  1.2290E+01  1.5284E-01  8.8725E+00  1.2800E+01  7.2906E+00  9.3322E+01  1.2290E+01 -1.0000E+00 -9.0875E+01  9.0875E+01  6.6553E+01  1.1870E+02 -5.2144E+01  0.0000E+00
  1.6000E+01  0.0000E+00  0.0000E+00  4.7264E+02  9.0000E+02  0.0000E+00  1.0000E+00  1.0000E+00  8.3410E+01  6.7520E+01  1.2300E+00  0.0000E+00  4.3145E+01  7.4082E-01  1.2290E+01  4.6245E-02  1.1499E+01  1.6590E+01  9.4490E+00  1.5676E+02  1.2290E+01         NAN  0.0000E+00  0.0000E+00  0.0000E+00  0.0000E+00  0.0000E+00  0.0000E+00
  1.6000E+01  4.8500E-01  5.0000E-01  0.0000E+00  0.0000E+00  5.4597E+02  0.0000E+00  0.0000E+00  8.3410E+01  6.7520E+01  1.2300E+00  0.0000E+00  4.3145E+01  7.4082E-01  1.2290E+01  4.6245E-02  1.1499E+01  1.6590E+01  9.4490E+00  1.5676E+02  1.2290E+01 -1.0000E+00 -4.3018E+02  4.3018E+02  5.4597E+02  4.3046E+02  1.1550E+02  0.0000E+00
  1.6000E+01  9.4300E-01  1.0000E+00  0.0000E+00  0.0000E+00  8.4923E+02  0.0000E+00  0.0000E+00  8.3410E+01  6.7520E+01  1.2300E+00  0.0000E+00  4.3145E+01  7.4082E-01  1.2290E+01  4.6245E-02  1.1499E+01  1.6590E+01  9.4490E+00  1.5676E+02  1.2290E+01 -1.0000E+00 -4.5367E+02  4.5367E+02  8.4923E+02  4.5451E+02  3.9473E+02  0.0000E+00
  1.6000E+01  7.1640E+00  8.0000E+00  0.0000E+00  0.0000E+00  2.7832E+02  0.0000E+00  0.0000E+00  8.3410E+01  6.7520E+01  1.2300E+00  0.0000E+00  4.3145E+01  7.4082E-01  1.2290E+01  4.6245E-02  1.1499E+01  1.6590E+01  9.4490E+00  1.5676E+02  1.2290E+01 -1.0000E+00 -3.1180E+02  3.1180E+02  2.7832E+02  3.1772E+02 -3.9395E+01  0.0000E+00
  1.6000E+01  2.4232E+01  2.4000E+01  0.0000E+00  0.0000E+00  1.0080E+02  0.0000E+00  0.0000E+00  8.3410E+01  6.7520E+01  1.2300E+00  0.0000E+00  4.3145E+01  7.4082E-01  1.2290E+01  4.6245E-02  1.1499E+01  1.6590E+01  9.4490E+00  1.5676E+02  1.2290E+01 -1.0000E+00 -1.1145E+02  1.1145E+02  1.0080E+02  1.1897E+02 -1.8162E+01  0.0000E+00
  1.7000E+01  0.0000E+00  0.0000E+00  5.7085E+02  1.0000E+03  0.0000E+00  1.0000E+00  1.0000E+00  5.8220E+01  8.1550E+01  7.8000E-01  0.0000E+00  1.1875E+02  8.5535E-01  1.2290E+01 -1.5124E-02  9.9594E+00  1.4368E+01  8.1837E+00  1.1759E+02  1.2290E+01         NAN  0.0000E+00  0.0000E+00  0.0000E+00  0.0000E+00  0.0000E+00  0.0000E+00
  1.7000E+01  5.3100E-01  5.0000E-01  0.0000E+00  0.0000E+00  4.1259E+02  0.0000E+00  0.0000E+00  5.8220E+01  8.1550E+01  7.8000E-01  0.0000E+00  1.1875E+02  8.5535E-01  1.2290E+01 -1.5124E-02  9.9594E+00  1.4368E+01  8.1837E+00  1.1759E+02  1.2290E+01 -1.0000E+00 -5.2131E+02  5.2131E+02  4.1259E+02  5.2116E+02 -1.0857E+02  0.0000E+00
  1.7000E+01  9.5300E-01  1.0000E+00  0.0000E+00  0.0000E+00  5.3921E+02  0.0000E+00  0.0000E+00  5.8220E+01  8.1550E+01  7.8000E-01  0.0000E+00  1.1875E+02  8.5535E-01  1.2290E+01 -1.5124E-02  9.9594E+00  1.4368E+01  8.1837E+00  1.1759E+02  1.2290E+01 -1.0000E+00 -5.4497E+02  5.4497E+02  5.3921E+02  5.4459E+02 -5.3761E+00  0.0000E+00
  1.7000E+01  8.0650E+00  8.0000E+00  0.0000E+00  0.0000E+00  2.5948E+02  0.0000E+00  0.0000E+00  5.8220E+01  8.1550E+01  7.8000E-01  0.0000E+00  1.1875E+02  8.5535E-01  1.2290E+01 -1.5124E-02  9.9594E+00  1.4368E+01  8.1837E+00  1.1759E+02  1.2290E+01 -1.0000E+00 -3.3221E+02  3.3221E+02  2.5948E+02  3.2948E+02 -6.9993E+01  0.0000E+00
  1.7000E+01  2.5251E+01  2.4000E+01  0.0000E+00  0.0000E+00  1.0191E+02  0.0000E+00  0.0000E+00  5.8220E+01  8.1550E+01  7.8000E-01  0.0000E+00  1.1875E+02  8.5535E-01  1.2290E+01 -1.5124E-02  9.9594E+00  1.4368E+01  8.1837E+00  1.1759E+02  1.2290E+01 -1.0000E+00 -1.0045E+02  1.0045E+02  1.0191E+02  9.7824E+01  4.0823E+00  0.0000E+00
  1.8000E+01  0.0000E+00  0.0000E+00  5.9906E+02  1.0000E+03  0.0000E+00  1.0000E+00  1.0000E+00  7.5010E+01  8.5580E+01  8.9000E-01  1.0000E+00  7.3776E+01  8.1615E-01  1.2290E+01  3.4392E-02  1.0438E+01  1.5059E+01  8.5769E+00  1.2916E+02  1.2290E+01         NAN  0.0000E+00  0.0000E+00  0.0000E+00  0.0000E+00  0.0000E+00  0.0000E+00
  1.8000E+01  5.4400E-01  5.0000E-01  0.0000E+00  0.0000E+00  4.2949E+02  0.0000E+00  0.0000E+00  7.5010E+01  8.5580E+01  8.9000E-01  1.0000E+00  7.3776E+01  8.1615E-01  1.2290E+01  3.4392E-02  1.0438E+01  1.5059E+01  8.5769E+00  1.2916E+02  1.2290E+01 -1.0000E+00 -5.3429E+02  5.3429E+02  4.2949E+02  5.3462E+02 -1.0513E+02  0.0000E+00
  1.8000E+01  9.9300E-01  1.0000E+00  0.0000E+00  0.0000E+00  5.9126E+02  0.0000E+00  0.0000E+00  7.5010E+01  8.5580E+01  8.9000E-01  1.0000E+00  7.3776E+01  8.1615E-01  1.2290E+01  3.4392E-02  1.0438E+01  1.5059E+01  8.5769E+00  1.2916E+02  1.2290E+01 -1.0000E+00 -5.7214E+02  5.7214E+02  5.9126E+02  5.7302E+02  1.8234E+01  0.0000E+00
  1.8000E+01  8.9510E+00  8.0000E+00  0.0000E+00  0.0000E+00  3.7977E+02  0.0000E+00  0.0000E+00  7.5010E+01  8.5580E+01  8.9000E-01  1.0000E+00  7.3776E+01  8.1615E-01  1.2290E+01  3.4392E-02  1.0438E+01  1.5059E+01  8.5769E+00  1.2916E+02  1.2290E+01 -1.0000E+00 -3.3728E+02  3.3728E+02  3.7977E+02  3.4389E+02  3.5877E+01  0.0000E+00
  1.8000E+01  2.4810E+01  2.4000E+01  0.0000E+00  0.0000E+00  7.4869E+01  0.0000E+00  0.0000E+00  7.5010E+01  8.5580E+01  8.9000E-01  1.0000E+00  7.3776E+01  8.1615E-01  1.2290E+01  3.4392E-02  1.0438E+01  1.5059E+01  8.5769E+00  1.2916E+02  1.2290E+01 -1.0000E+00 -1.1765E+02  1.1765E+02  7.4869E+01  1.2431E+02 -4.9441E+01  0.0000E+00
  1.9000E+01  0.0000E+00  0.0000E+00  4.5682E+02  9.0000E+02  0.0000E+00  1.0000E+00  1.0000E+00  5.8360E+01  6.5260E+01  1.1200E+00  1.0000E+00  5.6159E+01  5.6525E-01  1.2290E+01 -2.7765E-01  1.5071E+01  2.1742E+01  1.2384E+01  2.6925E+02  1.2290E+01         NAN  0.0000E+00  0.0000E+00  0.0000E+00  0.0000E+00  0.0000E+00  0.0000E+00
  1.9000E+01  4.8500E-01  5.0000E-01  0.0000E+00  0.0000E+00  3.0593E+02  0.0000E+00  0.0000E+00  5.8360E+01  6.5260E+01  1.1200E+00  1.0000E+00  5.6159E+01  5.6525E-01  1.2290E+01 -2.7765E-01  1.5071E+01  2.1742E+01  1.2384E+01  2.6925E+02  1.2290E+01 -1.0000E+00 -4.3167E+02  4.3167E+02  3.0593E+02  4.3014E+02 -1.2420E+02  0.0000E+00
  1.9000E+01  1.1550E+00  1.0000E+00  0.0000E+00  0.0000E+00  5.2965E+02  0.0000E+00  0.0000E+00  5.8360E+01  6.5260E+01  1.1200E+00  1.0000E+00  5.6159E+01  5.6525E-01  1.2290E+01 -2.7765E-01  1.5071E+01  2.1742E+01  1.2384E+01  2.6925E+02  1.2290E+01 -1.0000E+00 -4.3828E+02  4.3828E+02  5.2965E+02  4.3251E+02  9.7135E+01  0.0000E+00
  1.9000E+01  7.8020E+00  8.0000E+00  0.0000E+00  0.0000E+00  1.7074E+02  0.0000E+00  0.0000E+00  5.8360E+01  6.5260E+01  1.1200E+00  1.0000E+00  5.6159E+01  5.6525E-01  1.2290E+01 -2.7765E-01  1.5071E+01  2.1742E+01  1.2384E+01  2.6925E+02  1.2290E+01 -1.0000E+00 -3.2284E+02  3.2284E+02  1.7074E+02  2.8890E+02 -1.1815E+02  0.0000E+00
  1.9000E+01  2.4667E+01  2.4000E+01  0.0000E+00  0.0000E+00  1.2059E+02  0.0000E+00  0.0000E+00  5.8360E+01  6.5260E+01  1.1200E+00  1.0000E+00  5.6159E+01  5.6525E-01  1.2290E+01 -2.7765E-01  1.5071E+01  2.1742E+01  1.2384E+01  2.6925E+02  1.2290E+01 -1.0000E+00 -1.4863E+02  1.4863E+02  1.2059E+02  1.0377E+02  1.6826E+01  0.0000E+00
  2.0000E+01  0.0000E+00  0.0000E+00  3.3635E+02  7.0000E+02  0.0000E+00  1.0000E+00  1.0000E+00  4.8270E+01  4.8050E+01  7.3000E-01  0.0000E+00  8.3859E+01  1.1144E+00  1.2290E+01  3.1988E-01  7.6446E+00  1.1029E+01  6.2817E+00  6.9279E+01  1.2290E+01         NAN  0.0000E+00  0.0000E+00  0.0000E+00  0.0000E+00  0.0000E+00  0.0000E+00
  2.0000E+01  4.5700E-01  5.0000E-01  0.0000E+00  0.0000E+00  1.9873E+02  0.0000E+00  0.0000E+00  4.8270E+01  4.8050E+01  7.3000E-01  0.0000E+00  8.3859E+01  1.1144E+00  1.2290E+01  3.1988E-01  7.6446E+00  1.1029E+01  6.2817E+00  6.9279E+01  1.2290E+01 -1.0000E+00 -3.1336E+02  3.1336E+02  1.9873E+02  3.1513E+02 -1.1640E+02  0.0000E+00
  2.0000E+01  1.0480E+00  1.0000E+00  0.0000E+00  0.0000E+00  3.9476E+02  0.0000E+00  0.0000E+00  4.8270E+01  4.8050E+01  7.3000E-01  0.0000E+00  8.3859E+01  1.1144E+00  1.2290E+01  3.1988E-01  7.6446E+00  1.1029E+01  6.2817E+00  6.9279E+01  1.2290E+01 -1.0000E+00 -3.1262E+02  3.1262E+02  3.9476E+02  3.1894E+02  7.5817E+01  0.0000E+00
  2.0000E+01  8.3160E+00  8.0000E+00  0.0000E+00  0.0000E+00  1.2516E+02  0.0000E+00  0.0000E+00  4.8270E+01  4.8050E+01  7.3000E-01  0.0000E+00  8.3859E+01  1.1144E+00  1.2290E+01  3.1988E-01  7.6446E+00  1.1029E+01  6.2817E+00  6.9279E+01  1.2290E+01 -1.0000E+00 -1.6174E+02  1.6174E+02  1.2516E+02  1.9763E+02 -7.2471E+01  0.0000E+00
  2.0000E+01  2.5708E+01  2.4000E+01  0.0000E+00  0.0000E+00  3.2005E+01  0.0000E+00  0.0000E+00  4.8270E+01  4.8050E+01  7.3000E-01  0.0000E+00  8.3859E+01  1.1144E+00  1.2290E+01  3.1988E-01  7.6446E+00  1.1029E+01  6.2817E+00  6.9279E+01  1.2290E+01 -1.0000E+00 -3.3416E+01  3.3416E+01  3.2005E+01  6.2876E+01 -3.0871E+01  0.0000E+00
  2.1000E+01  0.0000E+00  0.0000E+00  6.6899E+02  1.0000E+03  0.0000E+00  1.0000E+00  1.0000E+00  7.7520E+01  9.5570E+01  1.4500E+00  0.0000E+00  5.7196E+01  7.2113E-01  1.2290E+01 -3.7814E-02  1.1813E+01  1.7043E+01  9.7070E+00  1.6544E+02  1.2290E+01         NAN  0.0000E+00  0.0000E+00  0.0000E+00  0.0000E+00  0.0000E+00  0.0000E+00
  2.1000E+01  4.9700E-01  5.0000E-01  0.0000E+00  0.0000E+00  5.7700E+02  0.0000E+00  0.0000E+00  7.7520E+01  9.5570E+01  1.4500E+00  0.0000E+00  5.7196E+01  7.2113E-01  1.2290E+01 -3.7814E-02  1.1813E+01  1.7043E+01  9.7070E+00  1.6544E+02  1.2290E+01 -1.0000E+00 -4.8982E+02  4.8982E+02  5.7700E+02  4.8955E+02  8.7449E+01  0.0000E+00
  2.1000E+01  9.9300E-01  1.0000E+00  0.0000E+00  0.0000E+00  1.1671E+03  0.0000E+00  0.0000E+00  7.7520E+01  9.5570E+01  1.4500E+00  0.0000E+00  5.7196E+01  7.2113E-01  1.2290E+01 -3.7814E-02  1.1813E+01  1.7043E+01  9.7070E+00  1.6544E+02  1.2290E+01 -1.0000E+00 -6.4368E+02  6.4368E+02  1.1671E+03  6.4272E+02  5.2442E+02  0.0000E+00
  2.1000E+01  7.6510E+00  8.0000E+00  0.0000E+00  0.0000E+00  6.2652E+02  0.0000E+00  0.0000E+00  7.7520E+01  9.5570E+01  1.4500E+00  0.0000E+00  5.7196E+01  7.2113E-01  1.2290E+01 -3.7814E-02  1.1813E+01  1.7043E+01  9.7070E+00  1.6544E+02  1.2290E+01 -1.0000E+00 -4.3552E+02  4.3552E+02  6.2652E+02  4.2837E+02  1.9814E+02  0.0000E+00
  2.1000E+01  2.6291E+01  2.4000E+01  0.0000E+00  0.0000E+00  1.2192E+02  0.0000E+00  0.0000E+00  7.7520E+01  9.5570E+01  1.4500E+00  0.0000E+00  5.7196E+01  7.2113E-01  1.2290E+01 -3.7814E-02  1.1813E+01  1.7043E+01  9.7070E+00  1.6544E+02  1.2290E+01 -1.0000E+00 -1.4588E+02  1.4588E+02  1.2192E+02  1.3757E+02 -1.5653E+01  0.0000E+00
  2.2000E+01  0.0000E+00  0.0000E+00  6.4309E+02  1.0000E+03  0.0000E+00  1.0000E+00  1.0000E+00  7.2730E+01  9.1870E+01  1.3900E+00  1.0000E+00  5.2489E+01  8.6091E-01  1.2290E+01  1.5676E-01  9.8951E+00  1.4276E+01  8.1310E+00  1.1607E+02  1.2290E+01         NAN  0.0000E+00  0.0000E+00  0.0000E+00  0.0000E+00  0.0000E+00  0.0000E+00
  2.2000E+01  4.9600E-01  5.0000E-01  0.0000E+00  0.0000E+00  6.8610E+02  0.0000E+00  0.0000E+00  7.2730E+01  9.1870E+01  1.3900E+00  1.0000E+00  5.2489E+01  8.6091E-01  1.2290E+01  1.5676E-01  9.8951E+00  1.4276E+01  8.1310E+00  1.1607E+02  1.2290E+01 -1.0000E+00 -4.8748E+02  4.8748E+02  6.8610E+02  4.8871E+02  1.9739E+02  0.0000E+00
  2.2000E+01  1.1740E+00  1.0000E+00  0.0000E+00  0.0000E+00  6.7883E+02  0.0000E+00  0.0000E+00  7.2730E+01  9.1870E+01  1.3900E+00  1.0000E+00  5.2489E+01  8.6091E-01  1.2290E+01  1.5676E-01  9.8951E+00  1.4276E+01  8.1310E+00  1.1607E+02  1.2290E+01 -1.0000E+00 -6.0586E+02  6.0586E+02  6.7883E+02  6.1112E+02  6.7710E+01  0.0000E+00
  2.2000E+01  8.0530E+00  8.0000E+00  0.0000E+00  0.0000E+00  1.7081E+02  0.0000E+00  0.0000E+00  7.2730E+01  9.1870E+01  1.3900E+00  1.0000E+00  5.2489E+01  8.6091E-01  1.2290E+01  1.5676E-01  9.8951E+00  1.4276E+01  8.1310E+00  1.1607E+02  1.2290E+01 -1.0000E+00 -3.7420E+02  3.7420E+02  1.7081E+02  4.0478E+02 -2.3397E+02  0.0000E+00
  2.2000E+01  2.2525E+01  2.4000E+01  0.0000E+00  0.0000E+00  1.7221E+02  0.0000E+00  0.0000E+00  7.2730E+01  9.1870E+01  1.3900E+00  1.0000E+00  5.2489E+01  8.6091E-01  1.2290E+01  1.5676E-01  9.8951E+00  1.4276E+01  8.1310E+00  1.1607E+02  1.2290E+01 -1.0000E+00 -1.3578E+02  1.3578E+02  1.7221E+02  1.7015E+02  2.0646E+00  0.0000E+00
  2.3000E+01  0.0000E+00  0.0000E+00  6.7053E+02  1.0000E+03  0.0000E+00  1.0000E+00  1.0000E+00  8.5870E+01  9.5790E+01  8.6000E-01  0.0000E+00  8.3739E+01  9.6721E-01  1.2290E+01  1.7855E-01  8.8076E+00  1.2707E+01  7.2373E+00  9.1963E+01  1.2290E+01         NAN  0.0000E+00  0.0000E+00  0.0000E+00  0.0000E+00  0.0000E+00  0.0000E+00
  2.3000E+01  4.8400E-01  5.0000E-01  0.0000E+00  0.0000E+00  2.6047E+02  0.0000E+00  0.0000E+00  8.5870E+01  9.5790E+01  8.6000E-01  0.0000E+00  8.3739E+01  9.6721E-01  1.2290E+01  1.7855E-01  8.8076E+00  1.2707E+01  7.2373E+00  9.1963E+01  1.2290E+01 -1.0000E+00 -4.7490E+02  4.7490E+02  2.6047E+02  4.7637E+02 -2.1590E+02  0.0000E+00
  2.3000E+01  9.7700E-01  1.0000E+00  0.0000E+00  0.0000E+00  5.4909E+02  0.0000E+00  0.0000E+00  8.5870E+01  9.5790E+01  8.6000E-01  0.0000E+00  8.3739E+01  9.6721E-01  1.2290E+01  1.7855E-01  8.8076E+00  1.2707E+01  7.2373E+00  9.1963E+01  1.2290E+01 -1.0000E+00 -6.3758E+02  6.3758E+02  5.4909E+02  6.4285E+02 -9.3754E+01  0.0000E+00
  2.3000E+01  8.0910E+00  8.0000E+00  0.0000E+00  0.0000E+00  4.6280E+02  0.0000E+00  0.0000E+00  8.5870E+01  9.5790E+01  8.6000E-01  0.0000E+00  8.3739E+01  9.6721E-01  1.2290E+01  1.7855E-01  8.8076E+00  1.2707E+01  7.2373E+00  9.1963E+01  1.2290E+01 -1.0000E+00 -3.6424E+02  3.6424E+02  4.6280E+02  4.0246E+02  6.0338E+01  0.0000E+00
  2.3000E+01  2.3746E+01  2.4000E+01  0.0000E+00  0.0000E+00  4.6272E+01  0.0000E+00  0.0000E+00  8.5870E+01  9.5790E+01  8.6000E-01  0.0000E+00  8.3739E+01  9.6721E-01  1.2290E+01  1.7855E-01  8.8076E+00  1.2707E+01  7.2373E+00  9.1963E+01  1.2290E+01 -1.0000E+00 -1.0625E+02  1.0625E+02  4.6272E+01  1.4360E+02 -9.7326E+01  0.0000E+00
  2.4000E+01  0.0000E+00  0.0000E+00  4.8433E+02  1.0000E+03  0.0000E+00  1.0000E+00  1.0000E+00  5.7640E+01  6.9190E+01  8.7000E-01  1.0000E+00  7.7326E+01  8.2650E-01  1.2290E+01  3.7482E-02  1.0307E+01  1.4870E+01  8.4694E+00  1.2594E+02  1.2290E+01         NAN  0.0000E+00  0.0000E+00  0.0000E+00  0.0000E+00  0.0000E+00  0.0000E+00
  2.4000E+01  4.5200E-01  5.0000E-01  0.0000E+00  0.0000E+00  4.3882E+02  0.0000E+00  0.0000E+00  5.7640E+01  6.9190E+01  8.7000E-01  1.0000E+00  7.7326E+01  8.2650E-01  1.2290E+01  3.7482E-02  1.0307E+01  1.4870E+01  8.4694E+00  1.2594E+02  1.2290E+01 -1.0000E+00 -4.4520E+02  4.4520E+02  4.3882E+02  4.4545E+02 -6.6260E+00  0.0000E+00
  2.4000E+01  1.0820E+00  1.0000E+00  0.0000E+00  0.0000E+00  3.1048E+02  0.0000E+00  0.0000E+00  5.7640E+01  6.9190E+01  8.7000E-01  1.0000E+00  7.7326E+01  8.2650E-01  1.2290E+01  3.7482E-02  1.0307E+01  1.4870E+01  8.4694E+00  1.2594E+02  1.2290E+01 -1.0000E+00 -4.5775E+02  4.5775E+02  3.1048E+02  4.5870E+02 -1.4822E+02  0.0000E+00
  2.4000E+01  8.1830E+00  8.0000E+00  0.0000E+00  0.0000E+00  2.3298E+02  0.0000E+00  0.0000E+00  5.7640E+01  6.9190E+01  8.7000E-01  1.0000E+00  7.7326E+01  8.2650E-01  1.2290E+01  3.7482E-02  1.0307E+01  1.4870E+01  8.4694E+00  1.2594E+02  1.2290E+01 -1.0000E+00 -2.8395E+02  2.8395E+02  2.3298E+02  2.8958E+02 -5.6604E+01  0.0000E+00
  2.4000E+01  2.5547E+01  2.4000E+01  0.0000E+00  0.0000E+00  1.0004E+02  0.0000E+00  0.0000E+00  5.7640E+01  6.9190E+01  8.7000E-01  1.0000E+00  7.7326E+01  8.2650E-01  1.2290E+01  3.7482E-02  1.0307E+01  1.4870E+01  8.4694E+00  1.2594E+02  1.2290E+01 -1.0000E+00 -8.8328E+01  8.8328E+01  1.0004E+02  9.4034E+01  6.0107E+00  0.0000E+00
  2.5000E+01  0.0000E+00  0.0000E+00  6.5079E+02  1.0000E+03  0.0000E+00  1.0000E+00  1.0000E+00  5.4650E+01  9.2970E+01  1.3000E+00  1.0000E+00  7.2059E+01  1.1377E+00  1.2290E+01  3.7133E-01  7.4878E+00  1.0803E+01  6.1528E+00  6.6466E+01  1.2290E+01         NAN  0.0000E+00  0.0000E+00  0.0000E+00  0.0000E+00  0.0000E+00  0.0000E+00
  2.5000E+01  5.0100E-01  5.0000E-01  0.0000E+00  0.0000E+00  3.4626E+02  0.0000E+00  0.0000E+00  5.4650E+01  9.2970E+01  1.3000E+00  1.0000E+00  7.2059E+01  1.1377E+00  1.2290E+01  3.7133E-01  7.4878E+00  1.0803E+01  6.1528E+00  6.6466E+01  1.2290E+01 -1.0000E+00 -4.8956E+02  4.8956E+02  3.4626E+02  4.9307E+02 -1.4681E+02  0.0000E+00
  2.5000E+01  9.6400E-01  1.0000E+00  0.0000E+00  0.0000E+00  5.8985E+02  0.0000E+00  0.0000E+00  5.4650E+01  9.2970E+01  1.3000E+00  1.0000E+00  7.2059E+01  1.1377E+00  1.2290E+01  3.7133E-01  7.4878E+00  1.0803E+01  6.1528E+00  6.6466E+01  1.2290E+01 -1.0000E+00 -6.1353E+02  6.1353E+02  5.8985E+02  6.2483E+02 -3.4984E+01  0.0000E+00
  2.5000E+01  7.4840E+00  8.0000E+00  0.0000E+00  0.0000E+00  3.8891E+02  0.0000E+00  0.0000E+00  5.4650E+01  9.2970E+01  1.3000E+00  1.0000E+00  7.2059E+01  1.1377E+00  1.2290E+01  3.7133E-01  7.4878E+00  1.0803E+01  6.1528E+00  6.6466E+01  1.2290E+01 -1.0000E+00 -3.3551E+02  3.3551E+02  3.8891E+02  4.1205E+02 -2.3133E+01  0.0000E+00
  2.5000E+01  2.3299E+01  2.4000E+01  0.0000E+00  0.0000E+00  1.1470E+02  0.0000E+00  0.0000E+00  5.4650E+01  9.2970E+01  1.3000E+00  1.0000E+00  7.2059E+01  1.1377E+00  1.2290E+01  3.7133E-01  7.4878E+00  1.0803E+01  6.1528E+00  6.6466E+01  1.2290E+01 -1.0000E+00 -7.7607E+01  7.7607E+01  1.1470E+02  1.5009E+02 -3.5391E+01  0.0000E+00
  2.6000E+01  0.0000E+00  0.0000E+00  5.3438E+02  1.0000E+03  0.0000E+00  1.0000E+00  1.0000E+00  8.2350E+01  7.6340E+01  1.0400E+00  1.0000E+00  4.9958E+01  7.0406E-01  1.2290E+01 -3.4356E-02  1.2100E+01  1.7456E+01  9.9424E+00  1.7355E+02  1.2290E+01         NAN  0.0000E+00  0.0000E+00  0.0000E+00  0.0000E+00  0.0000E+00  0.0000E+00
  2.6000E+01  5.6300E-01  5.0000E-01  0.0000E+00  0.0000E+00  5.3467E+02  0.0000E+00  0.0000E+00  8.2350E+01  7.6340E+01  1.0400E+00  1.0000E+00  4.9958E+01  7.0406E-01  1.2290E+01 -3.4356E-02  1.2100E+01  1.7456E+01  9.9424E+00  1.7355E+02  1.2290E+01 -1.0000E+00 -5.2542E+02  5.2542E+02  5.3467E+02  5.2511E+02  9.5621E+00  0.0000E+00
  2.6000E+01  1.0070E+00  1.0000E+00  0.0000E+00  0.0000E+00  3.7615E+02  0.0000E+00  0.0000E+00  8.2350E+01  7.6340E+01  1.0400E+00  1.0000E+00  4.9958E+01  7.0406E-01  1.2290E+01 -3.4356E-02  1.2100E+01  1.7456E+01  9.9424E+00  1.7355E+02  1.2290E+01 -1.0000E+00 -5.1223E+02  5.1223E+02  3.7615E+02  5.1147E+02 -1.3531E+02  0.0000E+00
  2.6000E+01  8.0230E+00  8.0000E+00  0.0000E+00  0.0000E+00  5.5856E+02  0.0000E+00  0.0000E+00  8.2350E+01  7.6340E+01  1.0400E+00  1.0000E+00  4.9958E+01  7.0406E-01  1.2290E+01 -3.4356E-02  1.2100E+01  1.7456E+01  9.9424E+00  1.7355E+02  1.2290E+01 -1.0000E+00 -3.4269E+02  3.4269E+02  5.5856E+02  3.3741E+02  2.2115E+02  0.0000E+00
  2.6000E+01  2.0939E+01  2.4000E+01  0.0000E+00  0.0000E+00  3.3098E+02  0.0000E+00  0.0000E+00  8.2350E+01  7.6340E+01  1.0400E+00  1.0000E+00  4.9958E+01  7.0406E-01  1.2290E+01 -3.4356E-02  1.2100E+01  1.7456E+01  9.9424E+00  1.7355E+02  1.2290E+01 -1.0000E+00 -1.6352E+02  1.6352E+02  3.3098E+02  1.5689E+02  1.7409E+02  0.0000E+00
  2.7000E+01  0.0000E+00  0.0000E+00  6.4232E+02  1.0000E+03  0.0000E+00  1.0000E+00  1.0000E+00  3.3120E+01  9.1760E+01  9.5000E-01  1.0000E+00  1.2187E+02  8.3723E-01  1.2290E+01 -4.1795E-02  1.0175E+01  1.4679E+01  8.3609E+00  1.2273E+02  1.2290E+01         NAN  0.0000E+00  0.0000E+00  0.0000E+00  0.0000E+00  0.0000E+00  0.0000E+00
  2.7000E+01  4.7900E-01  5.0000E-01  0.0000E+00  0.0000E+00  6.0964E+02  0.0000E+00  0.0000E+00  3.3120E+01  9.1760E+01  9.5000E-01  1.0000E+00  1.2187E+02  8.3723E-01  1.2290E+01 -4.1795E-02  1.0175E+01  1.4679E+01  8.3609E+00  1.2273E+02  1.2290E+01 -1.0000E+00 -4.7127E+02  4.7127E+02  6.0964E+02  4.7094E+02  1.3870E+02  0.0000E+00
  2.7000E+01  9.7300E-01  1.0000E+00  0.0000E+00  0.0000E+00  5.3778E+02  0.0000E+00  0.0000E+00  3.3120E+01  9.1760E+01  9.5000E-01  1.0000E+00  1.2187E+02  8.3723E-01  1.2290E+01 -4.1795E-02  1.0175E+01  1.4679E+01  8.3609E+00  1.2273E+02  1.2290E+01 -1.0000E+00 -6.1447E+02  6.1447E+02  5.3778E+02  6.1331E+02 -7.5531E+01  0.0000E+00
  2.7000E+01  7.8430E+00  8.0000E+00  0.0000E+00  0.0000E+00  2.8386E+02  0.0000E+00  0.0000E+00  3.3120E+01  9.1760E+01  9.5000E-01  1.0000E+00  1.2187E+02  8.3723E-01  1.2290E+01 -4.1795E-02  1.0175E+01  1.4679E+01  8.3609E+00  1.2273E+02  1.2290E+01 -1.0000E+00 -3.8481E+02  3.8481E+02  2.8386E+02  3.7649E+02 -9.2629E+01  0.0000E+00
  2.7000E+01  2.3363E+01  2.4000E+01  0.0000E+00  0.0000E+00  8.4228E+01  0.0000E+00  0.0000E+00  3.3120E+01  9.1760E+01  9.5000E-01  1.0000E+00  1.2187E+02  8.3723E-01  1.2290E+01 -4.1795E-02  1.0175E+01  1.4679E+01  8.3609E+00  1.2273E+02  1.2290E+01 -1.0000E+00 -1.3368E+02  1.3368E+02  8.4228E+01  1.2502E+02 -4.0795E+01  0.0000E+00
  2.8000E+01  0.0000E+00  0.0000E+00  6.1446E+02  1.0000E+03  0.0000E+00  1.0000E+00  1.0000E+00  4.2740E+01  8.7780E+01  8.0000E-01  1.0000E+00  1.2599E+02  1.2440E+00  1.2290E+01  3.4746E-01  6.8479E+00  9.8795E+00  5.6270E+00  5.5592E+01  1.2290E+01         NAN  0.0000E+00  0.0000E+00  0.0000E+00  0.0000E+00  0.0000E+00  0.0000E+00
  2.8000E+01  4.6400E-01  5.0000E-01  0.0000E+00  0.0000E+00  2.6894E+02  0.0000E+00  0.0000E+00  4.2740E+01  8.7780E+01  8.0000E-01  1.0000E+00  1.2599E+02  1.2440E+00  1.2290E+01  3.4746E-01  6.8479E+00  9.8795E+00  5.6270E+00  5.5592E+01  1.2290E+01 -1.0000E+00 -4.5327E+02  4.5327E+02  2.6894E+02  4.5639E+02 -1.8745E+02  0.0000E+00
  2.8000E+01  1.0760E+00  1.0000E+00  0.0000E+00  0.0000E+00  7.9718E+02  0.0000E+00  0.0000E+00  4.2740E+01  8.7780E+01  8.0000E-01  1.0000E+00  1.2599E+02  1.2440E+00  1.2290E+01  3.4746E-01  6.8479E+00  9.8795E+00  5.6270E+00  5.5592E+01  1.2290E+01 -1.0000E+00 -5.6855E+02  5.6855E+02  7.9718E+02  5.8164E+02  2.1554E+02  0.0000E+00
  2.8000E+01  8.2790E+00  8.0000E+00  0.0000E+00  0.0000E+00  4.3435E+02  0.0000E+00  0.0000E+00  4.2740E+01  8.7780E+01  8.0000E-01  1.0000E+00  1.2599E+02  1.2440E+00  1.2290E+01  3.4746E-01  6.8479E+00  9.8795E+00  5.6270E+00  5.5592E+01  1.2290E+01 -1.0000E+00 -2.7424E+02  2.7424E+02  4.3435E+02  3.4750E+02  8.6854E+01  0.0000E+00
  2.8000E+01  2.3754E+01  2.4000E+01  0.0000E+00  0.0000E+00  2.7918E+01  0.0000E+00  0.0000E+00  4.2740E+01  8.7780E+01  8.0000E-01  1.0000E+00  1.2599E+02  1.2440E+00  1.2290E+01  3.4746E-01  6.8479E+00  9.8795E+00  5.6270E+00  5.5592E+01  1.2290E+01 -1.0000E+00 -5.7261E+01  5.7261E+01  2.7918E+01  1.1491E+02 -8.6992E+01  0.0000E+00
  2.9000E+01  0.0000E+00  0.0000E+00  3.4104E+02  7.0000E+02  0.0000E+00  1.0000E+00  1.0000E+00  6.7330E+01  4.8720E+01  1.3600E+00  0.0000E+00  3.6157E+01  3.9170E-01  1.2290E+01 -5.5523E-01  2.1748E+01  3.1376E+01  1.7871E+01  5.6073E+02  1.2290E+01         NAN  0.0000E+00  0.0000E+00  0.0000E+00  0.0000E+00  0.0000E+00  0.0000E+00
  2.9000E+01  5.2200E-01  5.0000E-01  0.0000E+00  0.0000E+00  4.5225E+02  0.0000E+00  0.0000E+00  6.7330E+01  4.8720E+01  1.3600E+00  0.0000E+00  3.6157E+01  3.9170E-01  1.2290E+01 -5.5523E-01  2.1748E+01  3.1376E+01  1.7871E+01  5.6073E+02  1.2290E+01 -1.0000E+00 -3.3803E+02  3.3803E+02  4.5225E+02  3.3582E+02  1.1643E+02  0.0000E+00
  2.9000E+01  1.0160E+00  1.0000E+00  0.0000E+00  0.0000E+00  6.5052E+01  0.0000E+00  0.0000E+00  6.7330E+01  4.8720E+01  1.3600E+00  0.0000E+00  3.6157E+01  3.9170E-01  1.2290E+01 -5.5523E-01  2.1748E+01  3.1376E+01  1.7871E+01  5.6073E+02  1.2290E+01 -1.0000E+00 -3.3275E+02  3.3275E+02  6.5052E+01  3.2673E+02 -2.6168E+02  0.0000E+00
  2.9000E+01  7.9960E+00  8.0000E+00  0.0000E+00  0.0000E+00  2.1935E+02  0.0000E+00  0.0000E+00  6.7330E+01  4.8720E+01  1.3600E+00  0.0000E+00  3.6157E+01  3.9170E-01  1.2290E+01 -5.5523E-01  2.1748E+01  3.1376E+01  1.7871E+01  5.6073E+02  1.2290E+01 -1.0000E+00 -2.6638E+02  2.6638E+02  2.1935E+02  2.2175E+02 -2.3933E+00  0.0000E+00
  2.9000E+01  2.6144E+01  2.4000E+01  0.0000E+00  0.0000E+00  1.6580E+02  0.0000E+00  0.0000E+00  6.7330E+01  4.8720E+01  1.3600E+00  0.0000E+00  3.6157E+01  3.9170E-01  1.2290E+01 -5.5523E-01  2.1748E+01  3.1376E+01  1.7871E+01  5.6073E+02  1.2290E+01 -1.0000E+00 -1.4939E+02  1.4939E+02  1.6580E+02  8.0945E+01  8.4853E+01  0.0000E+00
  3.0000E+01  0.0000E+00  0.0000E+00  4.6172E+02  9.0000E+02  0.0000E+00  1.0000E+00  1.0000E+00  6.0790E+01  6.5960E+01  8.0000E-01  0.0000E+00  9.0706E+01  8.0473E-01  1.2290E+01 -2.1552E-02  1.0586E+01  1.5272E+01  8.6986E+00  1.3285E+02  1.2290E+01         NAN  0.0000E+00  0.0000E+00  0.0000E+00  0.0000E+00  0.0000E+00  0.0000E+00
  3.0000E+01  5.2800E-01  5.0000E-01  0.0000E+00  0.0000E+00  5.1118E+02  0.0000E+00  0.0000E+00  6.0790E+01  6.5960E+01  8.0000E-01  0.0000E+00  9.0706E+01  8.0473E-01  1.2290E+01 -2.1552E-02  1.0586E+01  1.5272E+01  8.6986E+00  1.3285E+02  1.2290E+01 -1.0000E+00 -4.5361E+02  4.5361E+02  5.1118E+02  4.5343E+02  5.7744E+01  0.0000E+00
  3.0000E+01  1.0040E+00  1.0000E+00  0.0000E+00  0.0000E+00  4.0782E+02  0.0000E+00  0.0000E+00  6.0790E+01  6.5960E+01  8.0000E-01  0.0000E+00  9.0706E+01  8.0473E-01  1.2290E+01 -2.1552E-02  1.0586E+01  1.5272E+01  8.6986E+00  1.3285E+02  1.2290E+01 -1.0000E+00 -4.3969E+02  4.3969E+02  4.0782E+02  4.3922E+02 -3.1402E+01  0.0000E+00
  3.0000E+01  7.3960E+00  8.0000E+00  0.0000E+00  0.0000E+00  3.4986E+02  0.0000E+00  0.0000E+00  6.0790E+01  6.5960E+01  8.0000E-01  0.0000E+00  9.0706E+01  8.0473E-01  1.2290E+01 -2.1552E-02  1.0586E+01  1.5272E+01  8.6986E+00  1.3285E+02  1.2290E+01 -1.0000E+00 -2.8932E+02  2.8932E+02  3.4986E+02  2.8639E+02  6.3477E+01  0.0000E+00
  3.0000E+01  1.9400E+01  2.4000E+01  0.0000E+00  0.0000E+00  4.7235E+01  0.0000E+00  0.0000E+00  6.0790E+01  6.5960E+01  8.0000E-01  0.0000E+00  9.0706E+01  8.0473E-01  1.2290E+01 -2.1552E-02  1.0586E+01  1.5272E+01  8.6986E+00  1.3285E+02  1.2290E+01 -1.0000E+00 -1.3183E+02  1.3183E+02  4.7235E+01  1.2828E+02 -8.1045E+01  0.0000E+00
  3.1000E+01  0.0000E+00  0.0000E+00  5.3592E+02  1.0000E+03  0.0000E+00  1.0000E+00  1.0000E+00  5.5170E+01  7.6560E+01  7.2000E-01  1.0000E+00  1.0649E+02  9.1734E-01  1.2290E+01  7.6919E-02  9.2864E+00  1.3397E+01  7.6308E+00  1.0223E+02  1.2290E+01         NAN  0.0000E+00  0.0000E+00  0.0000E+00  0.0000E+00  0.0000E+00  0.0000E+00
  3.1000E+01  5.3000E-01  5.0000E-01  0.0000E+00  0.0000E+00  7.6303E+02  0.0000E+00  0.0000E+00  5.5170E+01  7.6560E+01  7.2000E-01  1.0000E+00  1.0649E+02  9.1734E-01  1.2290E+01  7.6919E-02  9.2864E+00  1.3397E+01  7.6308E+00  1.0223E+02  1.2290E+01 -1.0000E+00 -5.1965E+02  5.1965E+02  7.6303E+02  5.2041E+02  2.4262E+02  0.0000E+00
  3.1000E+01  1.0270E+00  1.0000E+00  0.0000E+00  0.0000E+00  4.4063E+02  0.0000E+00  0.0000E+00  5.5170E+01  7.6560E+01  7.2000E-01  1.0000E+00  1.0649E+02  9.1734E-01  1.2290E+01  7.6919E-02  9.2864E+00  1.3397E+01  7.6308E+00  1.0223E+02  1.2290E+01 -1.0000E+00 -5.0644E+02  5.0644E+02  4.4063E+02  5.0856E+02 -6.7934E+01  0.0000E+00
  3.1000E+01  7.7860E+00  8.0000E+00  0.0000E+00  0.0000E+00  1.7725E+02  0.0000E+00  0.0000E+00  5.5170E+01  7.6560E+01  7.2000E-01  1.0000E+00  1.0649E+02  9.1734E-01  1.2290E+01  7.6919E-02  9.2864E+00  1.3397E+01  7.6308E+00  1.0223E+02  1.2290E+01 -1.0000E+00 -3.0579E+02  3.0579E+02  1.7725E+02  3.1876E+02 -1.4150E+02  0.0000E+00
  3.1000E+01  2.7982E+01  2.4000E+01  0.0000E+00  0.0000E+00  6.9286E+01  0.0000E+00  0.0000E+00  5.5170E+01  7.6560E+01  7.2000E-01  1.0000E+00  1.0649E+02  9.1734E-01  1.2290E+01  7.6919E-02  9.2864E+00  1.3397E+01  7.6308E+00  1.0223E+02  1.2290E+01 -1.0000E+00 -6.7724E+01  6.7724E+01  6.9286E+01  7.8932E+01 -9.6461E+00  0.0000E+00
  3.2000E+01  0.0000E+00  0.0000E+00  4.3106E+02  9.0000E+02  0.0000E+00  1.0000E+00  1.0000E+00  2.5810E+01  6.1580E+01  1.4200E+00  0.0000E+00  6.8778E+01  7.7845E-01  1.2290E+01  1.3115E-03  1.0943E+01  1.5788E+01  8.9923E+00  1.4197E+02  1.2290E+01         NAN  0.0000E+00  0.0000E+00  0.0000E+00  0.0000E+00  0.0000E+00  0.0000E+00
  3.2000E+01  4.6300E-01  5.0000E-01  0.0000E+00  0.0000E+00  2.6937E+02  0.0000E+00  0.0000E+00  2.5810E+01  6.1580E+01  1.4200E+00  0.0000E+00  6.8778E+01  7.7845E-01  1.2290E+01  1.3115E-03  1.0943E+01  1.5788E+01  8.9923E+00  1.4197E+02  1.2290E+01 -1.0000E+00 -4.1065E+02  4.1065E+02  2.6937E+02  4.1066E+02 -1.4129E+02  0.0000E+00
  3.2000E+01  1.0330E+00  1.0000E+00  0.0000E+00  0.0000E+00  3.5812E+02  0.0000E+00  0.0000E+00  2.5810E+01  6.1580E+01  1.4200E+00  0.0000E+00  6.8778E+01  7.7845E-01  1.2290E+01  1.3115E-03  1.0943E+01  1.5788E+01  8.9923E+00  1.4197E+02  1.2290E+01 -1.0000E+00 -4.0995E+02  4.0995E+02  3.5812E+02  4.0997E+02 -5.1854E+01  0.0000E+00
  3.2000E+01  6.5300E+00  8.0000E+00  0.0000E+00  0.0000E+00  8.4794E+01  0.0000E+00  0.0000E+00  2.5810E+01  6.1580E+01  1.4200E+00  0.0000E+00  6.8778E+01  7.7845E-01  1.2290E+01  1.3115E-03  1.0943E+01  1.5788E+01  8.9923E+00  1.4197E+02  1.2290E+01 -1.0000E+00 -2.8941E+02  2.8941E+02  8.4794E+01  2.8956E+02 -2.0477E+02  0.0000E+00
  3.2000E+01  2.2265E+01  2.4000E+01  0.0000E+00  0.0000E+00  1.5500E+02  0.0000E+00  0.0000E+00  2.5810E+01  6.1580E+01  1.4200E+00  0.0000E+00  6.8778E+01  7.7845E-01  1.2290E+01  1.3115E-03  1.0943E+01  1.5788E+01  8.9923E+00  1.4197E+02  1.2290E+01 -1.0000E+00 -1.0683E+02  1.0683E+02  1.5500E+02  1.0702E+02  4.7983E+01  0.0000E+00
  3.3000E+01  0.0000E+00  0.0000E+00  3.2312E+02  6.0000E+02  0.0000E+00  1.0000E+00  1.0000E+00  6.8840E+01  4.6160E+01  1.2800E+00  1.0000E+00  3.0296E+01  6.0207E-01  1.2290E+01 -8.9504E-02  1.4149E+01  2.0413E+01  1.1627E+01  2.3733E+02  1.2290E+01         NAN  0.0000E+00  0.0000E+00  0.0000E+00  0.0000E+00  0.0000E+00  0.0000E+00
  3.3000E+01  4.7200E-01  5.0000E-01  0.0000E+00  0.0000E+00  1.6365E+02  0.0000E+00  0.0000E+00  6.8840E+01  4.6160E+01  1.2800E+00  1.0000E+00  3.0296E+01  6.0207E-01  1.2290E+01 -8.9504E-02  1.4149E+01  2.0413E+01  1.1627E+01  2.3733E+02  1.2290E+01 -1.0000E+00 -2.7995E+02  2.7995E+02  1.6365E+02  2.7965E+02 -1.1600E+02  0.0000E+00
  3.3000E+01  1.0230E+00  1.0000E+00  0.0000E+00  0.0000E+00  2.2109E+02  0.0000E+00  0.0000E+00  6.8840E+01  4.6160E+01  1.2800E+00  1.0000E+00  3.0296E+01  6.0207E-01  1.2290E+01 -8.9504E-02  1.4149E+01  2.0413E+01  1.1627E+01  2.3733E+02  1.2290E+01 -1.0000E+00 -3.1142E+02  3.1142E+02  2.2109E+02  3.1034E+02 -8.9253E+01  0.0000E+00
  3.3000E+01  8.0730E+00  8.0000E+00  0.0000E+00  0.0000E+00  5.1890E+01  0.0000E+00  0.0000E+00  6.8840E+01  4.6160E+01  1.2800E+00  1.0000E+00  3.0296E+01  6.0207E-01  1.2290E+01 -8.9504E-02  1.4149E+01  2.0413E+01  1.1627E+01  2.3733E+02  1.2290E+01 -1.0000E+00 -2.2047E+02  2.2047E+02  5.1890E+01  2.1272E+02 -1.6083E+02  0.0000E+00
  3.3000E+01  2.0667E+01  2.4000E+01  0.0000E+00  0.0000E+00  1.5917E+02  0.0000E+00  0.0000E+00  6.8840E+01  4.6160E+01  1.2800E+00  1.0000E+00  3.0296E+01  6.0207E-01  1.2290E+01 -8.9504E-02  1.4149E+01  2.0413E+01  1.1627E+01  2.3733E+02  1.2290E+01 -1.0000E+00 -1.1896E+02  1.1896E+02  1.5917E+02  1.0834E+02  5.0837E+01  0.0000E+00
  3.4000E+01  0.0000E+00  0.0000E+00  3.3341E+02  7.0000E+02  0.0000E+00  1.0000E+00  1.0000E+00  9.2390E+01  4.7630E+01  1.0900E+00  1.0000E+00  2.4561E+01  4.2769E-01  1.2290E+01 -3.8896E-01  1.9918E+01  2.8736E+01  1.6367E+01  4.7032E+02  1.2290E+01         NAN  0.0000E+00  0.0000E+00  0.0000E+00  0.0000E+00  0.0000E+00  0.0000E+00
  3.4000E+01  5.1500E-01  5.0000E-01  0.0000E+00  0.0000E+00  2.9615E+02  0.0000E+00  0.0000E+00  9.2390E+01  4.7630E+01  1.0900E+00  1.0000E+00  2.4561E+01  4.2769E-01  1.2290E+01 -3.8896E-01  1.9918E+01  2.8736E+01  1.6367E+01  4.7032E+02  1.2290E+01 -1.0000E+00 -3.3022E+02  3.3022E+02  2.9615E+02  3.2871E+02 -3.2567E+01  0.0000E+00
  3.4000E+01  9.7100E-01  1.0000E+00  0.0000E+00  0.0000E+00  4.4945E+02  0.0000E+00  0.0000E+00  9.2390E+01  4.7630E+01  1.0900E+00  1.0000E+00  2.4561E+01  4.2769E-01  1.2290E+01 -3.8896E-01  1.9918E+01  2.8736E+01  1.6367E+01  4.7032E+02  1.2290E+01 -1.0000E+00 -3.2502E+02  3.2502E+02  4.4945E+02  3.2111E+02  1.2834E+02  0.0000E+00
  3.4000E+01  8.5840E+00  8.0000E+00  0.0000E+00  0.0000E+00  2.2388E+02  0.0000E+00  0.0000E+00  9.2390E+01  4.7630E+01  1.0900E+00  1.0000E+00  2.4561E+01  4.2769E-01  1.2290E+01 -3.8896E-01  1.9918E+01  2.8736E+01  1.6367E+01  4.7032E+02  1.2290E+01 -1.0000E+00 -2.4937E+02  2.4937E+02  2.2388E+02  2.1721E+02  6.6649E+00  0.0000E+00
  3.4000E+01  1.9796E+01  2.4000E+01  0.0000E+00  0.0000E+00  1.3823E+02  0.0000E+00  0.0000E+00  9.2390E+01  4.7630E+01  1.0900E+00  1.0000E+00  2.4561E+01  4.2769E-01  1.2290E+01 -3.8896E-01  1.9918E+01  2.8736E+01  1.6367E+01  4.7032E+02  1.2290E+01 -1.0000E+00 -1.6881E+02  1.6881E+02  1.3823E+02  1.2214E+02  1.6082E+01  0.0000E+00
  3.5000E+01  0.0000E+00  0.0000E+00  5.4635E+02  1.0000E+03  0.0000E+00  1.0000E+00  1.0000E+00  7.0270E+01  7.8050E+01  8.8000E-01  1.0000E+00  7.3012E+01  1.0080E+00  1.2290E+01  2.4762E-01  8.4512E+00  1.2193E+01  6.9445E+00  8.4671E+01  1.2290E+01         NAN  0.0000E+00  0.0000E+00  0.0000E+00  0.0000E+00  0.0000E+00  0.0000E+00
  3.5000E+01  5.2300E-01  5.0000E-01  0.0000E+00  0.0000E+00  4.2086E+02  0.0000E+00  0.0000E+00  7.0270E+01  7.8050E+01  8.8000E-01  1.0000E+00  7.3012E+01  1.0080E+00  1.2290E+01  2.4762E-01  8.4512E+00  1.2193E+01  6.9445E+00  8.4671E+01  1.2290E+01 -1.0000E+00 -5.1194E+02  5.1194E+02  4.2086E+02  5.1434E+02 -9.3483E+01  0.0000E+00
  3.5000E+01  9.3100E-01  1.0000E+00  0.0000E+00  0.0000E+00  3.3220E+02  0.0000E+00  0.0000E+00  7.0270E+01  7.8050E+01  8.8000E-01  1.0000E+00  7.3012E+01  1.0080E+00  1.2290E+01  2.4762E-01  8.4512E+00  1.2193E+01  6.9445E+00  8.4671E+01  1.2290E+01 -1.0000E+00 -5.1770E+02  5.1770E+02  3.3220E+02  5.2384E+02 -1.9164E+02  0.0000E+00
  3.5000E+01  8.0860E+00  8.0000E+00  0.0000E+00  0.0000E+00  1.8623E+02  0.0000E+00  0.0000E+00  7.0270E+01  7.8050E+01  8.8000E-01  1.0000E+00  7.3012E+01  1.0080E+00  1.2290E+01  2.4762E-01  8.4512E+00  1.2193E+01  6.9445E+00  8.4671E+01  1.2290E+01 -1.0000E+00 -2.8788E+02  2.8788E+02  1.8623E+02  3.3132E+02 -1.4509E+02  0.0000E+00
  3.5000E+01  2.2508E+01  2.4000E+01  0.0000E+00  0.0000E+00  8.6794E+01  0.0000E+00  0.0000E+00  7.0270E+01  7.8050E+01  8.8000E-01  1.0000E+00  7.3012E+01  1.0080E+00  1.2290E+01  2.4762E-01  8.4512E+00  1.2193E+01  6.9445E+00  8.4671E+01  1.2290E+01 -1.0000E+00 -8.8209E+01  8.8209E+01  8.6794E+01  1.3159E+02 -4.4794E+01  0.0000E+00
  3.6000E+01  0.0000E+00  0.0000E+00  4.7964E+02  1.0000E+03  0.0000E+00  1.0000E+00  1.0000E+00  6.7530E+01  6.8520E+01  9.0000E-01  0.0000E+00  7.6630E+01  1.1340E+00  1.2290E+01  3.5558E-01  7.5124E+00  1.0838E+01  6.1730E+00  6.6904E+01  1.2290E+01         NAN  0.0000E+00  0.0000E+00  0.0000E+00  0.0000E+00  0.0000E+00  0.0000E+00
  3.6000E+01  4.5000E-01  5.0000E-01  0.0000E+00  0.0000E+00  3.2801E+02  0.0000E+00  0.0000E+00  6.7530E+01  6.8520E+01  9.0000E-01  0.0000E+00  7.6630E+01  1.1340E+00  1.2290E+01  3.5558E-01  7.5124E+00  1.0838E+01  6.1730E+00  6.6904E+01  1.2290E+01 -1.0000E+00 -4.4079E+02  4.4079E+02  3.2801E+02  4.4352E+02 -1.1551E+02  0.0000E+00
  3.6000E+01  9.9400E-01  1.0000E+00  0.0000E+00  0.0000E+00  5.8961E+02  0.0000E+00  0.0000E+00  6.7530E+01  6.8520E+01  9.0000E-01  0.0000E+00  7.6630E+01  1.1340E+00  1.2290E+01  3.5558E-01  7.5124E+00  1.0838E+01  6.1730E+00  6.6904E+01  1.2290E+01 -1.0000E+00 -4.4744E+02  4.4744E+02  5.8961E+02  4.5683E+02  1.3278E+02  0.0000E+00
  3.6000E+01  8.1620E+00  8.0000E+00  0.0000E+00  0.0000E+00  2.9082E+02  0.0000E+00  0.0000E+00  6.7530E+01  6.8520E+01  9.0000E-01  0.0000E+00  7.6630E+01  1.1340E+00  1.2290E+01  3.5558E-01  7.5124E+00  1.0838E+01  6.1730E+00  6.6904E+01  1.2290E+01 -1.0000E+00 -2.3094E+02  2.3094E+02  2.9082E+02  2.8739E+02  3.4256E+00  0.0000E+00
  3.6000E+01  2.5692E+01  2.4000E+01  0.0000E+00  0.0000E+00  4.2261E+01  0.0000E+00  0.0000E+00  6.7530E+01  6.8520E+01  9.0000E-01  0.0000E+00  7.6630E+01  1.1340E+00  1.2290E+01  3.5558E-01  7.5124E+00  1.0838E+01  6.1730E+00  6.6904E+01  1.2290E+01 -1.0000E+00 -4.5820E+01  4.5820E+01  4.2261E+01  9.2518E+01 -5.0256E+01  0.0000E+00
  3.7000E+01  0.0000E+00  0.0000E+00  5.3844E+02  1.0000E+03  0.0000E+00  1.0000E+00  1.0000E+00  2.6000E+01  7.6920E+01  1.1800E+00  1.0000E+00  8.7730E+01  1.0121E+00  1.2290E+01  2.1450E-01  8.4168E+00  1.2143E+01  6.9162E+00  8.3983E+01  1.2290E+01         NAN  0.0000E+00  0.0000E+00  0.0000E+00  0.0000E+00  0.0000E+00  0.0000E+00
  3.7000E+01  4.9900E-01  5.0000E-01  0.0000E+00  0.0000E+00  4.1169E+02  0.0000E+00  0.0000E+00  2.6000E+01  7.6920E+01  1.1800E+00  1.0000E+00  8.7730E+01  1.0121E+00  1.2290E+01  2.1450E-01  8.4168E+00  1.2143E+01  6.9162E+00  8.3983E+01  1.2290E+01 -1.0000E+00 -4.8889E+02  4.8889E+02  4.1169E+02  4.9082E+02 -7.9131E+01  0.0000E+00
  3.7000E+01  9.3000E-01  1.0000E+00  0.0000E+00  0.0000E+00  9.1548E+02  0.0000E+00  0.0000E+00  2.6000E+01  7.6920E+01  1.1800E+00  1.0000E+00  8.7730E+01  1.0121E+00  1.2290E+01  2.1450E-01  8.4168E+00  1.2143E+01  6.9162E+00  8.3983E+01  1.2290E+01 -1.0000E+00 -5.0996E+02  5.0996E+02  9.1548E+02  5.1534E+02  4.0015E+02  0.0000E+00
  3.7000E+01  7.5720E+00  8.0000E+00  0.0000E+00  0.0000E+00  3.9386E+02  0.0000E+00  0.0000E+00  2.6000E+01  7.6920E+01  1.1800E+00  1.0000E+00  8.7730E+01  1.0121E+00  1.2290E+01  2.1450E-01  8.4168E+00  1.2143E+01  6.9162E+00  8.3983E+01  1.2290E+01 -1.0000E+00 -2.9511E+02  2.9511E+02  3.9386E+02  3.3143E+02  6.2423E+01  0.0000E+00
  3.7000E+01  2.3688E+01  2.4000E+01  0.0000E+00  0.0000E+00  1.3550E+02  0.0000E+00  0.0000E+00  2.6000E+01  7.6920E+01  1.1800E+00  1.0000E+00  8.7730E+01  1.0121E+00  1.2290E+01  2.1450E-01  8.4168E+00  1.2143E+01  6.9162E+00  8.3983E+01  1.2290E+01 -1.0000E+00 -7.8270E+01  7.8270E+01  1.3550E+02  1.1357E+02  2.1925E+01  0.0000E+00
  3.8000E+01  0.0000E+00  0.0000E+00  3.7793E+02  8.0000E+02  0.0000E+00  1.0000E+00  1.0000E+00  5.3080E+01  5.3990E+01  8.2000E-01  0.0000E+00  7.9485E+01  6.7009E-01  1.2290E+01 -1.7790E-01  1.2713E+01  1.8341E+01  1.0446E+01  1.9160E+02  1.2290E+01         NAN  0.0000E+00  0.0000E+00  0.0000E+00  0.0000E+00  0.0000E+00  0.0000E+00
  3.8000E+01  5.1600E-01  5.0000E-01  0.0000E+00  0.0000E+00  3.5817E+02  0.0000E+00  0.0000E+00  5.3080E+01  5.3990E+01  8.2000E-01  0.0000E+00  7.9485E+01  6.7009E-01  1.2290E+01 -1.7790E-01  1.2713E+01  1.8341E+01  1.0446E+01  1.9160E+02  1.2290E+01 -1.0000E+00 -3.7222E+02  3.7222E+02  3.5817E+02  3.7112E+02 -1.2947E+01  0.0000E+00
  3.8000E+01  1.0840E+00  1.0000E+00  0.0000E+00  0.0000E+00  2.7978E+02  0.0000E+00  0.0000E+00  5.3080E+01  5.3990E+01  8.2000E-01  0.0000E+00  7.9485E+01  6.7009E-01  1.2290E+01 -1.7790E-01  1.2713E+01  1.8341E+01  1.0446E+01  1.9160E+02  1.2290E+01 -1.0000E+00 -3.6087E+02  3.6087E+02  2.7978E+02  3.5764E+02 -7.7862E+01  0.0000E+00
  3.8000E+01  7.7410E+00  8.0000E+00  0.0000E+00  0.0000E+00  2.2243E+02  0.0000E+00  0.0000E+00  5.3080E+01  5.3990E+01  8.2000E-01  0.0000E+00  7.9485E+01  6.7009E-01  1.2290E+01 -1.7790E-01  1.2713E+01  1.8341E+01  1.0446E+01  1.9160E+02  1.2290E+01 -1.0000E+00 -2.5103E+02  2.5103E+02  2.2243E+02  2.3181E+02 -9.3716E+00  0.0000E+00
  3.8000E+01  2.4301E+01  2.4000E+01  0.0000E+00  0.0000E+00  4.7830E+01  0.0000E+00  0.0000E+00  5.3080E+01  5.3990E+01  8.2000E-01  0.0000E+00  7.9485E+01  6.7009E-01  1.2290E+01 -1.7790E-01  1.2713E+01  1.8341E+01  1.0446E+01  1.9160E+02  1.2290E+01 -1.0000E+00 -1.0176E+02  1.0176E+02  4.7830E+01  7.8823E+01 -3.0993E+01  0.0000E+00
  3.9000E+01  0.0000E+00  0.0000E+00  4.6781E+02  9.0000E+02  0.0000E+00  1.0000E+00  1.0000E+00  7.7370E+01  6.6830E+01  1.0300E+00  1.0000E+00  4.7974E+01  5.2176E-01  1.2290E+01 -3.2579E-01  1.6327E+01  2.3555E+01  1.3416E+01  3.1601E+02  1.2290E+01         NAN  0.0000E+00  0.0000E+00  0.0000E+00  0.0000E+00  0.0000E+00  0.0000E+00
  3.9000E+01  5.0600E-01  5.0000E-01  0.0000E+00  0.0000E+00  7.1674E+02  0.0000E+00  0.0000E+00  7.7370E+01  6.6830E+01  1.0300E+00  1.0000E+00  4.7974E+01  5.2176E-01  1.2290E+01 -3.2579E-01  1.6327E+01  2.3555E+01  1.3416E+01  3.1601E+02  1.2290E+01 -1.0000E+00 -4.5054E+02  4.5054E+02  7.1674E+02  4.4869E+02  2.6804E+02  0.0000E+00
  3.9000E+01  1.1180E+00  1.0000E+00  0.0000E+00  0.0000E+00  4.8890E+02  0.0000E+00  0.0000E+00  7.7370E+01  6.6830E+01  1.0300E+00  1.0000E+00  4.7974E+01  5.2176E-01  1.2290E+01 -3.2579E-01  1.6327E+01  2.3555E+01  1.3416E+01  3.1601E+02  1.2290E+01 -1.0000E+00 -4.5108E+02  4.5108E+02  4.8890E+02  4.4481E+02  4.4093E+01  0.0000E+00
  3.9000E+01  7.4840E+00  8.0000E+00  0.0000E+00  0.0000E+00  6.6075E+02  0.0000E+00  0.0000E+00  7.7370E+01  6.6830E+01  1.0300E+00  1.0000E+00  4.7974E+01  5.2176E-01  1.2290E+01 -3.2579E-01  1.6327E+01  2.3555E+01  1.3416E+01  3.1601E+02  1.2290E+01 -1.0000E+00 -3.4426E+02  3.4426E+02  6.6075E+02  3.0591E+02  3.5484E+02  0.0000E+00
  3.9000E+01  2.5829E+01  2.4000E+01  0.0000E+00  0.0000E+00  2.0324E+02  0.0000E+00  0.0000E+00  7.7370E+01  6.6830E+01  1.0300E+00  1.0000E+00  4.7974E+01  5.2176E-01  1.2290E+01 -3.2579E-01  1.6327E+01  2.3555E+01  1.3416E+01  3.1601E+02  1.2290E+01 -1.0000E+00 -1.5800E+02  1.5800E+02  2.0324E+02  1.0401E+02  9.9222E+01  0.0000E+00
  4.0000E+01  0.0000E+00  0.0000E+00  3.9970E+02  8.0000E+02  0.0000E+00  1.0000E+00  1.0000E+00  6.6060E+01  5.7100E+01  1.4400E+00  1.0000E+00  3.4613E+01  6.2254E-01  1.2290E+01 -8.3062E-02  1.3684E+01  1.9742E+01  1.1244E+01  2.2198E+02  1.2290E+01         NAN  0.0000E+00  0.0000E+00  0.0000E+00  0.0000E+00  0.0000E+00  0.0000E+00
  4.0000E+01  5.3200E-01  5.0000E-01  0.0000E+00  0.0000E+00  3.1576E+02  0.0000E+00  0.0000E+00  6.6060E+01  5.7100E+01  1.4400E+00  1.0000E+00  3.4613E+01  6.2254E-01  1.2290E+01 -8.3062E-02  1.3684E+01  1.9742E+01  1.1244E+01  2.2198E+02  1.2290E+01 -1.0000E+00 -3.9404E+02  3.9404E+02  3.1576E+02  3.9355E+02 -7.7795E+01  0.0000E+00
  4.0000E+01  9.5800E-01  1.0000E+00  0.0000E+00  0.0000E+00  2.3267E+02  0.0000E+00  0.0000E+00  6.6060E+01  5.7100E+01  1.4400E+00  1.0000E+00  3.4613E+01  6.2254E-01  1.2290E+01 -8.3062E-02  1.3684E+01  1.9742E+01  1.1244E+01  2.2198E+02  1.2290E+01 -1.0000E+00 -3.8563E+02  3.8563E+02  2.3267E+02  3.8443E+02 -1.5176E+02  0.0000E+00
  4.0000E+01  8.1210E+00  8.0000E+00  0.0000E+00  0.0000E+00  1.8505E+02  0.0000E+00  0.0000E+00  6.6060E+01  5.7100E+01  1.4400E+00  1.0000E+00  3.4613E+01  6.2254E-01  1.2290E+01 -8.3062E-02  1.3684E+01  1.9742E+01  1.1244E+01  2.2198E+02  1.2290E+01 -1.0000E+00 -2.6828E+02  2.6828E+02  1.8505E+02  2.5918E+02 -7.4126E+01  0.0000E+00
  4.0000E+01  2.6523E+01  2.4000E+01  0.0000E+00  0.0000E+00  6.1787E+01  0.0000E+00  0.0000E+00  6.6060E+01  5.7100E+01  1.4400E+00  1.0000E+00  3.4613E+01  6.2254E-01  1.2290E+01 -8.3062E-02  1.3684E+01  1.9742E+01  1.1244E+01  2.2198E+02  1.2290E+01 -1.0000E+00 -1.0562E+02  1.0562E+02  6.1787E+01  9.4126E+01 -3.2339E+01  0.0000E+00
  4.1000E+01  0.0000E+00  0.0000E+00  4.1916E+02  8.0000E+02  0.0000E+00  1.0000E+00  1.0000E+00  6.8060E+01  5.9880E+01  1.6100E+00  0.0000E+00  3.7162E+01  8.7102E-01  1.2290E+01  2.3840E-01  9.7802E+00  1.4110E+01  8.0365E+00  1.1339E+02  1.2290E+01         NAN  0.0000E+00  0.0000E+00  0.0000E+00  0.0000E+00  0.0000E+00  0.0000E+00
  4.1000E+01  5.4300E-01  5.0000E-01  0.0000E+00  0.0000E+00  5.1671E+02  0.0000E+00  0.0000E+00  6.8060E+01  5.9880E+01  1.6100E+00  0.0000E+00  3.7162E+01  8.7102E-01  1.2290E+01  2.3840E-01  9.7802E+00  1.4110E+01  8.0365E+00  1.1339E+02  1.2290E+01 -1.0000E+00 -4.1092E+02  4.1092E+02  5.1671E+02  4.1265E+02  1.0407E+02  0.0000E+00
  4.1000E+01  9.8700E-01  1.0000E+00  0.0000E+00  0.0000E+00  5.2310E+02  0.0000E+00  0.0000E+00  6.8060E+01  5.9880E+01  1.6100E+00  0.0000E+00  3.7162E+01  8.7102E-01  1.2290E+01  2.3840E-01  9.7802E+00  1.4110E+01  8.0365E+00  1.1339E+02  1.2290E+01 -1.0000E+00 -3.9819E+02  3.9819E+02  5.2310E+02  4.0254E+02  1.2056E+02  0.0000E+00
  4.1000E+01  7.1030E+00  8.0000E+00  0.0000E+00  0.0000E+00  2.5161E+02  0.0000E+00  0.0000E+00  6.8060E+01  5.9880E+01  1.6100E+00  0.0000E+00  3.7162E+01  8.7102E-01  1.2290E+01  2.3840E-01  9.7802E+00  1.4110E+01  8.0365E+00  1.1339E+02  1.2290E+01 -1.0000E+00 -2.5813E+02  2.5813E+02  2.5161E+02  2.8609E+02 -3.4474E+01  0.0000E+00
  4.1000E+01  2.0914E+01  2.4000E+01  0.0000E+00  0.0000E+00  7.9215E+01  0.0000E+00  0.0000E+00  6.8060E+01  5.9880E+01  1.6100E+00  0.0000E+00  3.7162E+01  8.7102E-01  1.2290E+01  2.3840E-01  9.7802E+00  1.4110E+01  8.0365E+00  1.1339E+02  1.2290E+01 -1.0000E+00 -9.6994E+01  9.6994E+01  7.9215E+01  1.3230E+02 -5.3088E+01  0.0000E+00
  4.2000E+01  0.0000E+00  0.0000E+00  3.8073E+02  8.0000E+02  0.0000E+00  1.0000E+00  1.0000E+00  7.5720E+01  5.4390E+01  1.4400E+00  1.0000E+00  2.8663E+01  8.5999E-01  1.2290E+01  2.7827E-01  9.9057E+00  1.4291E+01  8.1396E+00  1.1632E+02  1.2290E+01         NAN  0.0000E+00  0.0000E+00  0.0000E+00  0.0000E+00  0.0000E+00  0.0000E+00
  4.2000E+01  5.5400E-01  5.0000E-01  0.0000E+00  0.0000E+00  2.1630E+02  0.0000E+00  0.0000E+00  7.5720E+01  5.4390E+01  1.4400E+00  1.0000E+00  2.8663E+01  8.5999E-01  1.2290E+01  2.7827E-01  9.9057E+00  1.4291E+01  8.1396E+00  1.1632E+02  1.2290E+01 -1.0000E+00 -3.7242E+02  3.7242E+02  2.1630E+02  3.7442E+02 -1.5811E+02  0.0000E+00
  4.2000E+01  9.8400E-01  1.0000E+00  0.0000E+00  0.0000E+00  6.1701E+02  0.0000E+00  0.0000E+00  7.5720E+01  5.4390E+01  1.4400E+00  1.0000E+00  2.8663E+01  8.5999E-01  1.2290E+01  2.7827E-01  9.9057E+00  1.4291E+01  8.1396E+00  1.1632E+02  1.2290E+01 -1.0000E+00 -3.6138E+02  3.6138E+02  6.1701E+02  3.6599E+02  2.5103E+02  0.0000E+00
  4.2000E+01  8.3160E+00  8.0000E+00  0.0000E+00  0.0000E+00  1.5200E+02  0.0000E+00  0.0000E+00  7.5720E+01  5.4390E+01  1.4400E+00  1.0000E+00  2.8663E+01  8.5999E-01  1.2290E+01  2.7827E-01  9.9057E+00  1.4291E+01  8.1396E+00  1.1632E+02  1.2290E+01 -1.0000E+00 -2.1635E+02  2.1635E+02  1.5200E+02  2.4818E+02 -9.6179E+01  0.0000E+00
  4.2000E+01  2.0038E+01  2.4000E+01  0.0000E+00  0.0000E+00  1.0055E+02  0.0000E+00  0.0000E+00  7.5720E+01  5.4390E+01  1.4400E+00  1.0000E+00  2.8663E+01  8.5999E-01  1.2290E+01  2.7827E-01  9.9057E+00  1.4291E+01  8.1396E+00  1.1632E+02  1.2290E+01 -1.0000E+00 -9.5262E+01  9.5262E+01  1.0055E+02  1.3337E+02 -3.2821E+01  0.0000E+00
  4.3000E+01  0.0000E+00  0.0000E+00  4.6053E+02  9.0000E+02  0.0000E+00  1.0000E+00  1.0000E+00  5.8070E+01  6.5790E+01  1.0500E+00  1.0000E+00  6.0604E+01  8.9891E-01  1.2290E+01  1.7083E-01  9.4768E+00  1.3672E+01  7.7872E+00  1.0647E+02  1.2290E+01         NAN  0.0000E+00  0.0000E+00  0.0000E+00  0.0000E+00  0.0000E+00  0.0000E+00
  4.3000E+01  5.1600E-01  5.0000E-01  0.0000E+00  0.0000E+00  7.5997E+02  0.0000E+00  0.0000E+00  5.8070E+01  6.5790E+01  1.0500E+00  1.0000E+00  6.0604E+01  8.9891E-01  1.2290E+01  1.7083E-01  9.4768E+00  1.3672E+01  7.7872E+00  1.0647E+02  1.2290E+01 -1.0000E+00 -4.5188E+02  4.5188E+02  7.5997E+02  4.5322E+02  3.0675E+02  0.0000E+00
  4.3000E+01  1.0910E+00  1.0000E+00  0.0000E+00  0.0000E+00  6.8263E+02  0.0000E+00  0.0000E+00  5.8070E+01  6.5790E+01  1.0500E+00  1.0000E+00  6.0604E+01  8.9891E-01  1.2290E+01  1.7083E-01  9.4768E+00  1.3672E+01  7.7872E+00  1.0647E+02  1.2290E+01 -1.0000E+00 -4.3327E+02  4.3327E+02  6.8263E+02  4.3743E+02  2.4520E+02  0.0000E+00
  4.3000E+01  8.1810E+00  8.0000E+00  0.0000E+00  0.0000E+00  2.5968E+02  0.0000E+00  0.0000E+00  5.8070E+01  6.5790E+01  1.0500E+00  1.0000E+00  6.0604E+01  8.9891E-01  1.2290E+01  1.7083E-01  9.4768E+00  1.3672E+01  7.7872E+00  1.0647E+02  1.2290E+01 -1.0000E+00 -2.5795E+02  2.5795E+02  2.5968E+02  2.8253E+02 -2.2853E+01  0.0000E+00
  4.3000E+01  2.6079E+01  2.4000E+01  0.0000E+00  0.0000E+00  6.5706E+01  0.0000E+00  0.0000E+00  5.8070E+01  6.5790E+01  1.0500E+00  1.0000E+00  6.0604E+01  8.9891E-01  1.2290E+01  1.7083E-01  9.4768E+00  1.3672E+01  7.7872E+00  1.0647E+02  1.2290E+01 -1.0000E+00 -6.9664E+01  6.9664E+01  6.5706E+01  9.3716E+01 -2.8010E+01  0.0000E+00
  4.4000E+01  0.0000E+00  0.0000E+00  5.6847E+02  1.0000E+03  0.0000E+00  1.0000E+00  1.0000E+00  7.0230E+01  8.1210E+01  1.0100E+00  0.0000E+00  7.7916E+01  1.0224E+00  1.2290E+01  2.4860E-01  8.3325E+00  1.2021E+01  6.8469E+00  8.2309E+01  1.2290E+01         NAN  0.0000E+00  0.0000E+00  0.0000E+00  0.0000E+00  0.0000E+00  0.0000E+00
  4.4000E+01  5.1600E-01  5.0000E-01  0.0000E+00  0.0000E+00  5.9162E+02  0.0000E+00  0.0000E+00  7.0230E+01  8.1210E+01  1.0100E+00  0.0000E+00  7.7916E+01  1.0224E+00  1.2290E+01  2.4860E-01  8.3325E+00  1.2021E+01  6.8469E+00  8.2309E+01  1.2290E+01 -1.0000E+00 -5.0508E+02  5.0508E+02  5.9162E+02  5.0746E+02  8.4161E+01  0.0000E+00
  4.4000E+01  1.0480E+00  1.0000E+00  0.0000E+00  0.0000E+00  6.7418E+02  0.0000E+00  0.0000E+00  7.0230E+01  8.1210E+01  1.0100E+00  0.0000E+00  7.7916E+01  1.0224E+00  1.2290E+01  2.4860E-01  8.3325E+00  1.2021E+01  6.8469E+00  8.2309E+01  1.2290E+01 -1.0000E+00 -5.3353E+02  5.3353E+02  6.7418E+02  5.4102E+02  1.3316E+02  0.0000E+00
  4.4000E+01  8.9210E+00  8.0000E+00  0.0000E+00  0.0000E+00  3.3889E+02  0.0000E+00  0.0000E+00  7.0230E+01  8.1210E+01  1.0100E+00  0.0000E+00  7.7916E+01  1.0224E+00  1.2290E+01  2.4860E-01  8.3325E+00  1.2021E+01  6.8469E+00  8.2309E+01  1.2290E+01 -1.0000E+00 -2.7716E+02  2.7716E+02  3.3889E+02  3.2463E+02  1.4261E+01  0.0000E+00
  4.4000E+01  2.5894E+01  2.4000E+01  0.0000E+00  0.0000E+00  3.3915E+01  0.0000E+00  0.0000E+00  7.0230E+01  8.1210E+01  1.0100E+00  0.0000E+00  7.7916E+01  1.0224E+00  1.2290E+01  2.4860E-01  8.3325E+00  1.2021E+01  6.8469E+00  8.2309E+01  1.2290E+01 -1.0000E+00 -6.7537E+01  6.7537E+01  3.3915E+01  1.0794E+02 -7.4022E+01  0.0000E+00
  4.5000E+01  0.0000E+00  0.0000E+00  1.1732E+02  2.0000E+02  0.0000E+00  1.0000E+00  1.0000E+00  3.4100E+01  1.6760E+01  1.4300E+00  1.0000E+00  1.4653E+01  5.7646E-01  1.2290E+01  1.4186E-02  1.4778E+01  2.1320E+01  1.2143E+01  2.5889E+02  1.2290E+01         NAN  0.0000E+00  0.0000E+00  0.0000E+00  0.0000E+00  0.0000E+00  0.0000E+00
  4.5000E+01  4.9200E-01  5.0000E-01  0.0000E+00  0.0000E+00  9.5840E+01  0.0000E+00  0.0000E+00  3.4100E+01  1.6760E+01  1.4300E+00  1.0000E+00  1.4653E+01  5.7646E-01  1.2290E+01  1.4186E-02  1.4778E+01  2.1320E+01  1.2143E+01  2.5889E+02  1.2290E+01 -1.0000E+00 -9.7273E+01  9.7273E+01  9.5840E+01  9.7289E+01 -1.4491E+00  0.0000E+00
  4.5000E+01  9.9900E-01  1.0000E+00  0.0000E+00  0.0000E+00  1.3645E+02  0.0000E+00  0.0000E+00  3.4100E+01  1.6760E+01  1.4300E+00  1.0000E+00  1.4653E+01  5.7646E-01  1.2290E+01  1.4186E-02  1.4778E+01  2.1320E+01  1.2143E+01  2.5889E+02  1.2290E+01 -1.0000E+00 -1.1350E+02  1.1350E+02  1.3645E+02  1.1356E+02  2.2890E+01  0.0000E+00
  4.5000E+01  8.6460E+00  8.0000E+00  0.0000E+00  0.0000E+00  8.0179E+01  0.0000E+00  0.0000E+00  3.4100E+01  1.6760E+01  1.4300E+00  1.0000E+00  1.4653E+01  5.7646E-01  1.2290E+01  1.4186E-02  1.4778E+01  2.1320E+01  1.2143E+01  2.5889E+02  1.2290E+01 -1.0000E+00 -7.9293E+01  7.9293E+01  8.0179E+01  7.9732E+01  4.4664E-01  0.0000E+00
  4.5000E+01  2.3666E+01  2.4000E+01  0.0000E+00  0.0000E+00  3.6944E+01  0.0000E+00  0.0000E+00  3.4100E+01  1.6760E+01  1.4300E+00  1.0000E+00  1.4653E+01  5.7646E-01  1.2290E+01  1.4186E-02  1.4778E+01  2.1320E+01  1.2143E+01  2.5889E+02  1.2290E+01 -1.0000E+00 -3.9199E+01  3.9199E+01  3.6944E+01  3.9809E+01 -2.8649E+00  0.0000E+00
  4.6000E+01  0.0000E+00  0.0000E+00  4.3393E+02  9.0000E+02  0.0000E+00  1.0000E+00  1.0000E+00  5.2880E+01  6.1990E+01  1.4400E+00  0.0000E+00  5.2089E+01  5.9875E-01  1.2290E+01 -2.0484E-01  1.4228E+01  2.0526E+01  1.1691E+01  2.3997E+02  1.2290E+01         NAN  0.0000E+00  0.0000E+00  0.0000E+00  0.0000E+00  0.0000E+00  0.0000E+00
  4.6000E+01  4.7200E-01  5.0000E-01  0.0000E+00  0.0000E+00  2.8230E+02  0.0000E+00  0.0000E+00  5.2880E+01  6.1990E+01  1.4400E+00  0.0000E+00  5.2089E+01  5.9875E-01  1.2290E+01 -2.0484E-01  1.4228E+01  2.0526E+01  1.1691E+01  2.3997E+02  1.2290E+01 -1.0000E+00 -4.1995E+02  4.1995E+02  2.8230E+02  4.1886E+02 -1.3656E+02  0.0000E+00
  4.6000E+01  1.0250E+00  1.0000E+00  0.0000E+00  0.0000E+00  4.2687E+02  0.0000E+00  0.0000E+00  5.2880E+01  6.1990E+01  1.4400E+00  0.0000E+00  5.2089E+01  5.9875E-01  1.2290E+01 -2.0484E-01  1.4228E+01  2.0526E+01  1.1691E+01  2.3997E+02  1.2290E+01 -1.0000E+00 -4.1768E+02  4.1768E+02  4.2687E+02  4.1407E+02  1.2794E+01  0.0000E+00
  4.6000E+01  9.3980E+00  8.0000E+00  0.0000E+00  0.0000E+00  2.6272E+02  0.0000E+00  0.0000E+00  5.2880E+01  6.1990E+01  1.4400E+00  0.0000E+00  5.2089E+01  5.9875E-01  1.2290E+01 -2.0484E-01  1.4228E+01  2.0526E+01  1.1691E+01  2.3997E+02  1.2290E+01 -1.0000E+00 -2.7777E+02  2.7777E+02  2.6272E+02  2.5099E+02  1.1730E+01  0.0000E+00
  4.6000E+01  2.4710E+01  2.4000E+01  0.0000E+00  0.0000E+00  7.7989E+01  0.0000E+00  0.0000E+00  5.2880E+01  6.1990E+01  1.4400E+00  0.0000E+00  5.2089E+01  5.9875E-01  1.2290E+01 -2.0484E-01  1.4228E+01  2.0526E+01  1.1691E+01  2.3997E+02  1.2290E+01 -1.0000E+00 -1.3174E+02  1.3174E+02  7.7989E+01  1.0047E+02 -2.2479E+01  0.0000E+00
  4.7000E+01  0.0000E+00  0.0000E+00  3.3873E+02  7.0000E+02  0.0000E+00  1.0000E+00  1.0000E+00  6.0750E+01  4.8390E+01  6.8000E-01  1.0000E+00  6.6578E+01  9.9869E-01  1.2290E+01  2.5705E-01  8.5299E+00  1.2306E+01  7.0092E+00  8.6255E+01  1.2290E+01         NAN  0.0000E+00  0.0000E+00  0.0000E+00  0.0000E+00  0.0000E+00  0.0000E+00
  4.7000E+01  4.7400E-01  5.0000E-01  0.0000E+00  0.0000E+00  3.1262E+02  0.0000E+00  0.0000E+00  6.0750E+01  4.8390E+01  6.8000E-01  1.0000E+00  6.6578E+01  9.9869E-01  1.2290E+01  2.5705E-01  8.5299E+00  1.2306E+01  7.0092E+00  8.6255E+01  1.2290E+01 -1.0000E+00 -3.2549E+02  3.2549E+02  3.1262E+02  3.2691E+02 -1.4287E+01  0.0000E+00
  4.7000E+01  1.0100E+00  1.0000E+00  0.0000E+00  0.0000E+00  2.2819E+02  0.0000E+00  0.0000E+00  6.0750E+01  4.8390E+01  6.8000E-01  1.0000E+00  6.6578E+01  9.9869E-01  1.2290E+01  2.5705E-01  8.5299E+00  1.2306E+01  7.0092E+00  8.6255E+01  1.2290E+01 -1.0000E+00 -3.1826E+02  3.1826E+02  2.2819E+02  3.2278E+02 -9.4587E+01  0.0000E+00
  4.7000E+01  7.7670E+00  8.0000E+00  0.0000E+00  0.0000E+00  2.3243E+02  0.0000E+00  0.0000E+00  6.0750E+01  4.8390E+01  6.8000E-01  1.0000E+00  6.6578E+01  9.9869E-01  1.2290E+01  2.5705E-01  8.5299E+00  1.2306E+01  7.0092E+00  8.6255E+01  1.2290E+01 -1.0000E+00 -1.8379E+02  1.8379E+02  2.3243E+02  2.1111E+02  2.1323E+01  0.0000E+00
  4.7000E+01  2.4530E+01  2.4000E+01  0.0000E+00  0.0000E+00  4.6125E+01  0.0000E+00  0.0000E+00  6.0750E+01  4.8390E+01  6.8000E-01  1.0000E+00  6.6578E+01  9.9869E-01  1.2290E+01  2.5705E-01  8.5299E+00  1.2306E+01  7.0092E+00  8.6255E+01  1.2290E+01 -1.0000E+00 -4.7069E+01  4.7069E+01  4.6125E+01  7.3622E+01 -2.7497E+01  0.0000E+00
  4.8000E+01  0.0000E+00  0.0000E+00  5.4803E+02  1.0000E+03  0.0000E+00  1.0000E+00  1.0000E+00  3.9030E+01  7.8290E+01  9.0000E-01  1.0000E+00  1.0369E+02  8.1784E-01  1.2290E+01 -3.2497E-02  1.0416E+01  1.5027E+01  8.5591E+00  1.2862E+02  1.2290E+01         NAN  0.0000E+00  0.0000E+00  0.0000E+00  0.0000E+00  0.0000E+00  0.0000E+00
  4.8000E+01  5.0400E-01  5.0000E-01  0.0000E+00  0.0000E+00  6.9333E+02  0.0000E+00  0.0000E+00  3.9030E+01  7.8290E+01  9.0000E-01  1.0000E+00  1.0369E+02  8.1784E-01  1.2290E+01 -3.2497E-02  1.0416E+01  1.5027E+01  8.5591E+00  1.2862E+02  1.2290E+01 -1.0000E+00 -4.9564E+02  4.9564E+02  6.9333E+02  4.9537E+02  1.9796E+02  0.0000E+00
  4.8000E+01  1.0820E+00  1.0000E+00  0.0000E+00  0.0000E+00  9.3812E+01  0.0000E+00  0.0000E+00  3.9030E+01  7.8290E+01  9.0000E-01  1.0000E+00  1.0369E+02  8.1784E-01  1.2290E+01 -3.2497E-02  1.0416E+01  1.5027E+01  8.5591E+00  1.2862E+02  1.2290E+01 -1.0000E+00 -5.1937E+02  5.1937E+02  9.3812E+01  5.1845E+02 -4.2464E+02  0.0000E+00
  4.8000E+01  8.2900E+00  8.0000E+00  0.0000E+00  0.0000E+00  3.3915E+02  0.0000E+00  0.0000E+00  3.9030E+01  7.8290E+01  9.0000E-01  1.0000E+00  1.0369E+02  8.1784E-01  1.2290E+01 -3.2497E-02  1.0416E+01  1.5027E+01  8.5591E+00  1.2862E+02  1.2290E+01 -1.0000E+00 -3.2149E+02  3.2149E+02  3.3915E+02  3.1587E+02  2.3280E+01  0.0000E+00
  4.8000E+01  2.2858E+01  2.4000E+01  0.0000E+00  0.0000E+00  1.3989E+02  0.0000E+00  0.0000E+00  3.9030E+01  7.8290E+01  9.0000E-01  1.0000E+00  1.0369E+02  8.1784E-01  1.2290E+01 -3.2497E-02  1.0416E+01  1.5027E+01  8.5591E+00  1.2862E+02  1.2290E+01 -1.0000E+00 -1.2194E+02  1.2194E+02  1.3989E+02  1.1604E+02  2.3857E+01  0.0000E+00
  4.9000E+01  0.0000E+00  0.0000E+00  6.0921E+02  1.0000E+03  0.0000E+00  1.0000E+00  1.0000E+00  7.8590E+01  8.7030E+01  1.1800E+00  0.0000E+00  6.2906E+01  1.0077E+00  1.2290E+01  2.7752E-01  8.4537E+00  1.2196E+01  6.9465E+00  8.4720E+01  1.2290E+01         NAN  0.0000E+00  0.0000E+00  0.0000E+00  0.0000E+00  0.0000E+00  0.0000E+00
  4.9000E+01  5.1300E-01  5.0000E-01  0.0000E+00  0.0000E+00  4.2862E+02  0.0000E+00  0.0000E+00  7.8590E+01  8.7030E+01  1.1800E+00  0.0000E+00  6.2906E+01  1.0077E+00  1.2290E+01  2.7752E-01  8.4537E+00  1.2196E+01  6.9465E+00  8.4720E+01  1.2290E+01 -1.0000E+00 -5.0236E+02  5.0236E+02  4.2862E+02  5.0491E+02 -7.6289E+01  0.0000E+00
  4.9000E+01  9.7900E-01  1.0000E+00  0.0000E+00  0.0000E+00  5.8252E+02  0.0000E+00  0.0000E+00  7.8590E+01  8.7030E+01  1.1800E+00  0.0000E+00  6.2906E+01  1.0077E+00  1.2290E+01  2.7752E-01  8.4537E+00  1.2196E+01  6.9465E+00  8.4720E+01  1.2290E+01 -1.0000E+00 -5.7650E+02  5.7650E+02  5.8252E+02  5.8425E+02 -1.7298E+00  0.0000E+00
  4.9000E+01  7.6750E+00  8.0000E+00  0.0000E+00  0.0000E+00  4.1248E+02  0.0000E+00  0.0000E+00  7.8590E+01  8.7030E+01  1.1800E+00  0.0000E+00  6.2906E+01  1.0077E+00  1.2290E+01  2.7752E-01  8.4537E+00  1.2196E+01  6.9465E+00  8.4720E+01  1.2290E+01 -1.0000E+00 -3.3293E+02  3.3293E+02  4.1248E+02  3.8543E+02  2.7050E+01  0.0000E+00
  4.9000E+01  2.2234E+01  2.4000E+01  0.0000E+00  0.0000E+00  7.5902E+01  0.0000E+00  0.0000E+00  7.8590E+01  8.7030E+01  1.1800E+00  0.0000E+00  6.2906E+01  1.0077E+00  1.2290E+01  2.7752E-01  8.4537E+00  1.2196E+01  6.9465E+00  8.4720E+01  1.2290E+01 -1.0000E+00 -1.0091E+02  1.0091E+02  7.5902E+01  1.5601E+02 -8.0104E+01  0.0000E+00
  5.0000E+01  0.0000E+00  0.0000E+00  4.4541E+02  9.0000E+02  0.0000E+00  1.0000E+00  1.0000E+00  8.1690E+01  6.3630E+01  1.5100E+00  0.0000E+00  3.4127E+01  8.4167E-01  1.2290E+01  2.2138E-01  1.0121E+01  1.4602E+01  8.3168E+00  1.2144E+02  1.2290E+01         NAN  0.0000E+00  0.0000E+00  0.0000E+00  0.0000E+00  0.0000E+00  0.0000E+00
  5.0000E+01  5.1700E-01  5.0000E-01  0.0000E+00  0.0000E+00  5.1683E+02  0.0000E+00  0.0000E+00  8.1690E+01  6.3630E+01  1.5100E+00  0.0000E+00  3.4127E+01  8.4167E-01  1.2290E+01  2.2138E-01  1.0121E+01  1.4602E+01  8.3168E+00  1.2144E+02  1.2290E+01 -1.0000E+00 -4.3728E+02  4.3728E+02  5.1683E+02  4.3888E+02  7.7948E+01  0.0000E+00
  5.0000E+01  9.8800E-01  1.0000E+00  0.0000E+00  0.0000E+00  4.9716E+02  0.0000E+00  0.0000E+00  8.1690E+01  6.3630E+01  1.5100E+00  0.0000E+00  3.4127E+01  8.4167E-01  1.2290E+01  2.2138E-01  1.0121E+01  1.4602E+01  8.3168E+00  1.2144E+02  1.2290E+01 -1.0000E+00 -4.2340E+02  4.2340E+02  4.9716E+02  4.2768E+02  6.9480E+01  0.0000E+00
  5.0000E+01  8.1960E+00  8.0000E+00  0.0000E+00  0.0000E+00  1.9462E+02  0.0000E+00  0.0000E+00  8.1690E+01  6.3630E+01  1.5100E+00  0.0000E+00  3.4127E+01  8.4167E-01  1.2290E+01  2.2138E-01  1.0121E+01  1.4602E+01  8.3168E+00  1.2144E+02  1.2290E+01 -1.0000E+00 -2.5845E+02  2.5845E+02  1.9462E+02  2.8795E+02 -9.3328E+01  0.0000E+00
  5.0000E+01  2.5960E+01  2.4000E+01  0.0000E+00  0.0000E+00  1.2859E+02  0.0000E+00  0.0000E+00  8.1690E+01  6.3630E+01  1.5100E+00  0.0000E+00  3.4127E+01  8.4167E-01  1.2290E+01  2.2138E-01  1.0121E+01  1.4602E+01  8.3168E+00  1.2144E+02  1.2290E+01 -1.0000E+00 -7.6565E+01  7.6565E+01  1.2859E+02  1.0862E+02  1.9971E+01  0.0000E+00
