     1  0      0 300 300 0     1 1 1   98.4 1.56 25.42
     1  1  1.017 300           0 0 1   98.4 1.56 25.42
     1  3  3.029 300           0 0 1   98.4 1.56 25.42
     1  8   7.85 300           0 0 1   98.4 1.56 25.42
     1 26  26.18 300           0 0 1   98.4 1.56 25.42
     2  0      0 300 300 0     1 1 1    101 1.54 34.93
     2  1  1.041 300           0 0 1    101 1.54 34.93
     2  3  2.957 300           0 0 1    101 1.54 34.93
     2  8  8.355 300           0 0 1    101 1.54 34.93
     2 26 25.339 300           0 0 1    101 1.54 34.93
     3  0      0 300 300 0     1 1 1   83.8 1.66 29.06
     3  1  1.041 300           0 0 1   83.8 1.66 29.06
     3  3  3.061 300           0 0 1   83.8 1.66 29.06
     3  8  7.781 300           0 0 1   83.8 1.66 29.06
     3 26 25.959 300           0 0 1   83.8 1.66 29.06
     4  0      0 300 300 0     1 1 1  76.58  1.5 43.03
     4  1  1.006 300           0 0 1  76.58  1.5 43.03
     4  3  2.877 300           0 0 1  76.58  1.5 43.03
     4  8  8.103 300           0 0 1  76.58  1.5 43.03
     4 26 26.425 300           0 0 1  76.58  1.5 43.03
     5  0      0 300 300 0     1 1 1  98.82 1.77 37.67
     5  1  1.075 300           0 0 1  98.82 1.77 37.67
     5  3  3.089 300           0 0 1  98.82 1.77 37.67
     5  8  8.213 300           0 0 1  98.82 1.77 37.67
     5 26 27.677 300           0 0 1  98.82 1.77 37.67
     6  0      0 300 300 0     1 1 1  47.92 1.87 36.03
     6  1  1.013 300           0 0 1  47.92 1.87 36.03
     6  3  3.063 300           0 0 1  47.92 1.87 36.03
     6  8  8.027 300           0 0 1  47.92 1.87 36.03
     6 26 26.876 300           0 0 1  47.92 1.87 36.03
     7  0      0 300 300 0     1 1 1  99.33 1.49 34.58
     7  1   1.04 300           0 0 1  99.33 1.49 34.58
     7  3   3.05 300           0 0 1  99.33 1.49 34.58
     7  8  7.757 300           0 0 1  99.33 1.49 34.58
     7 26 24.096 300           0 0 1  99.33 1.49 34.58
     8  0      0 300 300 0     1 1 1   80.3 1.92 30.17
     8  1  1.015 300           0 0 1   80.3 1.92 30.17
     8  3  2.897 300           0 0 1   80.3 1.92 30.17
     8  8   8.19 300           0 0 1   80.3 1.92 30.17
     8 26 26.891 300           0 0 1   80.3 1.92 30.17
     9  0      0 300 300 0     1 1 1  80.13 1.93 39.51
     9  1  0.981 300           0 0 1  80.13 1.93 39.51
     9  3  2.957 300           0 0 1  80.13 1.93 39.51
     9  8  8.268 300           0 0 1  80.13 1.93 39.51
     9 26 27.043 300           0 0 1  80.13 1.93 39.51
    10  0      0 300 300 0     1 1 1  66.79 1.79 38.29
    10  1   1.05 300           0 0 1  66.79 1.79 38.29
    10  3  2.984 300           0 0 1  66.79 1.79 38.29
    10  8   7.75 300           0 0 1  66.79 1.79 38.29
    10 26 26.306 300           0 0 1  66.79 1.79 38.29
    11  0      0 300 300 0     1 1 1  83.66 1.48 31.57
    11  1  0.957 300           0 0 1  83.66 1.48 31.57
    11  3  2.973 300           0 0 1  83.66 1.48 31.57
    11  8  8.042 300           0 0 1  83.66 1.48 31.57
    11 26 25.236 300           0 0 1  83.66 1.48 31.57
    12  0      0 300 300 0     1 1 1 124.26 1.87 29.95
    12  1  0.996 300           0 0 1 124.26 1.87 29.95
    12  3  2.914 300           0 0 1 124.26 1.87 29.95
    12  8  7.732 300           0 0 1 124.26 1.87 29.95
    12 26 25.208 300           0 0 1 124.26 1.87 29.95
    13  0      0 300 300 0     1 1 1  93.88 1.81 32.92
    13  1  0.931 300           0 0 1  93.88 1.81 32.92
    13  3  2.986 300           0 0 1  93.88 1.81 32.92
    13  8  8.347 300           0 0 1  93.88 1.81 32.92
    13 26 25.975 300           0 0 1  93.88 1.81 32.92
    14  0      0 300 300 0     1 1 1  97.02 1.62 36.27
    14  1  0.925 300           0 0 1  97.02 1.62 36.27
    14  3  3.055 300           0 0 1  97.02 1.62 36.27
    14  8  8.222 300           0 0 1  97.02 1.62 36.27
    14 26 25.569 300           0 0 1  97.02 1.62 36.27
    15  0      0 300 300 0     1 1 1  70.34 1.75 28.46
    15  1   0.98 300           0 0 1  70.34 1.75 28.46
    15  3  2.949 300           0 0 1  70.34 1.75 28.46
    15  8  7.999 300           0 0 1  70.34 1.75 28.46
    15 26 25.916 300           0 0 1  70.34 1.75 28.46
    16  0      0 300 300 0     1 1 1 103.25 1.72 35.04
    16  1  0.999 300           0 0 1 103.25 1.72 35.04
    16  3  2.987 300           0 0 1 103.25 1.72 35.04
    16  8  7.965 300           0 0 1 103.25 1.72 35.04
    16 26 26.393 300           0 0 1 103.25 1.72 35.04
    17  0      0 300 300 0     1 1 1  67.49 2.08 21.81
    17  1  0.953 300           0 0 1  67.49 2.08 21.81
    17  3  3.021 300           0 0 1  67.49 2.08 21.81
    17  8  8.201 300           0 0 1  67.49 2.08 21.81
    17 26  26.12 300           0 0 1  67.49 2.08 21.81
    18  0      0 300 300 0     1 1 1  79.14 1.71 30.47
    18  1  1.005 300           0 0 1  79.14 1.71 30.47
    18  3  3.023 300           0 0 1  79.14 1.71 30.47
    18  8   7.69 300           0 0 1  79.14 1.71 30.47
    18 26 26.741 300           0 0 1  79.14 1.71 30.47
    19  0      0 300 300 0     1 1 1 109.63 1.78 29.66
    19  1  0.992 300           0 0 1 109.63 1.78 29.66
    19  3  2.798 300           0 0 1 109.63 1.78 29.66
    19  8  7.939 300           0 0 1 109.63 1.78 29.66
    19 26 26.194 300           0 0 1 109.63 1.78 29.66
    20  0      0 300 300 0     1 1 1  92.37 1.65 36.63
    20  1  0.975 300           0 0 1  92.37 1.65 36.63
    20  3  2.915 300           0 0 1  92.37 1.65 36.63
    20  8   7.97 300           0 0 1  92.37 1.65 36.63
    20 26  25.73 300           0 0 1  92.37 1.65 36.63
    21  0      0 300 300 0     1 1 1 102.47 1.68 36.96
    21  1  0.953 300           0 0 1 102.47 1.68 36.96
    21  3  2.753 300           0 0 1 102.47 1.68 36.96
    21  8  8.129 300           0 0 1 102.47 1.68 36.96
    21 26 25.187 300           0 0 1 102.47 1.68 36.96
    22  0      0 300 300 0     1 1 1 116.67 1.82 34.06
    22  1  1.111 300           0 0 1 116.67 1.82 34.06
    22  3  2.984 300           0 0 1 116.67 1.82 34.06
    22  8  8.059 300           0 0 1 116.67 1.82 34.06
    22 26 26.759 300           0 0 1 116.67 1.82 34.06
    23  0      0 300 300 0     1 1 1  72.57 1.73  31.5
    23  1  0.928 300           0 0 1  72.57 1.73  31.5
    23  3  2.977 300           0 0 1  72.57 1.73  31.5
    23  8  7.467 300           0 0 1  72.57 1.73  31.5
    23 26  24.93 300           0 0 1  72.57 1.73  31.5
    24  0      0 300 300 0     1 1 1  53.48 1.68  40.8
    24  1  1.028 300           0 0 1  53.48 1.68  40.8
    24  3  2.995 300           0 0 1  53.48 1.68  40.8
    24  8  8.108 300           0 0 1  53.48 1.68  40.8
    24 26 26.665 300           0 0 1  53.48 1.68  40.8
    25  0      0 300 300 0     1 1 1  52.55 1.59 33.33
    25  1  1.029 300           0 0 1  52.55 1.59 33.33
    25  3  2.875 300           0 0 1  52.55 1.59 33.33
    25  8  7.958 300           0 0 1  52.55 1.59 33.33
    25 26 25.556 300           0 0 1  52.55 1.59 33.33
    26  0      0 300 300 0     1 1 1 124.01 1.72 34.22
    26  1  1.014 300           0 0 1 124.01 1.72 34.22
    26  3  3.056 300           0 0 1 124.01 1.72 34.22
    26  8  8.194 300           0 0 1 124.01 1.72 34.22
    26 26  25.64 300           0 0 1 124.01 1.72 34.22
    27  0      0 300 300 0     1 1 1  75.99 1.88 40.77
    27  1  1.001 300           0 0 1  75.99 1.88 40.77
    27  3  3.022 300           0 0 1  75.99 1.88 40.77
    27  8   8.21 300           0 0 1  75.99 1.88 40.77
    27 26 25.633 300           0 0 1  75.99 1.88 40.77
    28  0      0 300 300 0     1 1 1  99.13 1.55 35.95
    28  1  0.988 300           0 0 1  99.13 1.55 35.95
    28  3  2.823 300           0 0 1  99.13 1.55 35.95
    28  8  7.951 300           0 0 1  99.13 1.55 35.95
    28 26 26.724 300           0 0 1  99.13 1.55 35.95
    29  0      0 300 300 0     1 1 1  98.95 2.09 32.13
    29  1   0.98 300           0 0 1  98.95 2.09 32.13
    29  3  2.964 300           0 0 1  98.95 2.09 32.13
    29  8  8.564 300           0 0 1  98.95 2.09 32.13
    29 26 26.559 300           0 0 1  98.95 2.09 32.13
    30  0      0 300 300 0     1 1 1  82.69 1.77 43.47
    30  1   0.99 300           0 0 1  82.69 1.77 43.47
    30  3  3.119 300           0 0 1  82.69 1.77 43.47
    30  8  8.148 300           0 0 1  82.69 1.77 43.47
    30 26 25.953 300           0 0 1  82.69 1.77 43.47
    31  0      0 300 300 0     1 1 1 103.15 1.81 28.79
    31  1  1.071 300           0 0 1 103.15 1.81 28.79
    31  3  2.981 300           0 0 1 103.15 1.81 28.79
    31  8  8.026 300           0 0 1 103.15 1.81 28.79
    31 26 27.656 300           0 0 1 103.15 1.81 28.79
    32  0      0 300 300 0     1 1 1 132.23 2.01  33.5
    32  1  1.054 300           0 0 1 132.23 2.01  33.5
    32  3  3.209 300           0 0 1 132.23 2.01  33.5
    32  8  7.815 300           0 0 1 132.23 2.01  33.5
    32 26 24.018 300           0 0 1 132.23 2.01  33.5
    33  0      0 300 300 0     1 1 1 129.13 1.78 41.49
    33  1  0.945 300           0 0 1 129.13 1.78 41.49
    33  3  3.057 300           0 0 1 129.13 1.78 41.49
    33  8  7.874 300           0 0 1 129.13 1.78 41.49
    33 26 25.971 300           0 0 1 129.13 1.78 41.49
    34  0      0 300 300 0     1 1 1 120.38 1.92 43.81
    34  1  1.013 300           0 0 1 120.38 1.92 43.81
    34  3  3.116 300           0 0 1 120.38 1.92 43.81
    34  8  8.373 300           0 0 1 120.38 1.92 43.81
    34 26 27.836 300           0 0 1 120.38 1.92 43.81
    35  0      0 300 300 0     1 1 1  91.44 1.46 46.26
    35  1  0.964 300           0 0 1  91.44 1.46 46.26
    35  3  3.122 300           0 0 1  91.44 1.46 46.26
    35  8  8.181 300           0 0 1  91.44 1.46 46.26
    35 26  25.37 300           0 0 1  91.44 1.46 46.26
    36  0      0 300 300 0     1 1 1  96.41 1.86 32.21
    36  1  1.004 300           0 0 1  96.41 1.86 32.21
    36  3  3.007 300           0 0 1  96.41 1.86 32.21
    36  8  7.832 300           0 0 1  96.41 1.86 32.21
    36 26  26.45 300           0 0 1  96.41 1.86 32.21
    37  0      0 300 300 0     1 1 1  79.29 2.22 30.74
    37  1  0.973 300           0 0 1  79.29 2.22 30.74
    37  3  2.932 300           0 0 1  79.29 2.22 30.74
    37  8   7.99 300           0 0 1  79.29 2.22 30.74
    37 26 25.751 300           0 0 1  79.29 2.22 30.74
    38  0      0 300 300 0     1 1 1   51.2 1.84 26.03
    38  1  0.966 300           0 0 1   51.2 1.84 26.03
    38  3   3.14 300           0 0 1   51.2 1.84 26.03
    38  8  8.223 300           0 0 1   51.2 1.84 26.03
    38 26 25.714 300           0 0 1   51.2 1.84 26.03
    39  0      0 300 300 0     1 1 1 123.22 1.81 46.86
    39  1  1.018 300           0 0 1 123.22 1.81 46.86
    39  3  2.879 300           0 0 1 123.22 1.81 46.86
    39  8  8.168 300           0 0 1 123.22 1.81 46.86
    39 26 26.499 300           0 0 1 123.22 1.81 46.86
    40  0      0 300 300 0     1 1 1  86.64 1.44 29.63
    40  1  1.041 300           0 0 1  86.64 1.44 29.63
    40  3  3.048 300           0 0 1  86.64 1.44 29.63
    40  8  7.587 300           0 0 1  86.64 1.44 29.63
    40 26 26.048 300           0 0 1  86.64 1.44 29.63
    41  0      0 300 300 0     1 1 1  109.8 1.61 36.16
    41  1  1.023 300           0 0 1  109.8 1.61 36.16
    41  3  2.865 300           0 0 1  109.8 1.61 36.16
    41  8  8.065 300           0 0 1  109.8 1.61 36.16
    41 26 25.734 300           0 0 1  109.8 1.61 36.16
    42  0      0 300 300 0     1 1 1  36.11 1.76 37.43
    42  1  1.024 300           0 0 1  36.11 1.76 37.43
    42  3   3.02 300           0 0 1  36.11 1.76 37.43
    42  8   7.58 300           0 0 1  36.11 1.76 37.43
    42 26  26.02 300           0 0 1  36.11 1.76 37.43
    43  0      0 300 300 0     1 1 1  63.83  1.7 39.78
    43  1  1.027 300           0 0 1  63.83  1.7 39.78
    43  3  2.744 300           0 0 1  63.83  1.7 39.78
    43  8  7.859 300           0 0 1  63.83  1.7 39.78
    43 26 24.862 300           0 0 1  63.83  1.7 39.78
    44  0      0 300 300 0     1 1 1 105.78 1.97 36.69
    44  1  1.027 300           0 0 1 105.78 1.97 36.69
    44  3  3.071 300           0 0 1 105.78 1.97 36.69
    44  8  8.275 300           0 0 1 105.78 1.97 36.69
    44 26 27.458 300           0 0 1 105.78 1.97 36.69
    45  0      0 300 300 0     1 1 1 104.04 1.92 21.61
    45  1  0.992 300           0 0 1 104.04 1.92 21.61
    45  3   2.98 300           0 0 1 104.04 1.92 21.61
    45  8  8.278 300           0 0 1 104.04 1.92 21.61
    45 26 25.617 300           0 0 1 104.04 1.92 21.61
    46  0      0 300 300 0     1 1 1 116.78 1.78 39.29
    46  1  0.945 300           0 0 1 116.78 1.78 39.29
    46  3  3.021 300           0 0 1 116.78 1.78 39.29
    46  8  7.876 300           0 0 1 116.78 1.78 39.29
    46 26 25.426 300           0 0 1 116.78 1.78 39.29
    47  0      0 300 300 0     1 1 1  56.42 2.03  36.7
    47  1  0.996 300           0 0 1  56.42 2.03  36.7
    47  3  2.868 300           0 0 1  56.42 2.03  36.7
    47  8   8.02 300           0 0 1  56.42 2.03  36.7
    47 26 25.666 300           0 0 1  56.42 2.03  36.7
    48  0      0 300 300 0     1 1 1  98.02 1.84 36.21
    48  1  1.032 300           0 0 1  98.02 1.84 36.21
    48  3  3.002 300           0 0 1  98.02 1.84 36.21
    48  8  7.878 300           0 0 1  98.02 1.84 36.21
    48 26 26.198 300           0 0 1  98.02 1.84 36.21
    49  0      0 300 300 0     1 1 1  98.35 1.74 29.88
    49  1  0.953 300           0 0 1  98.35 1.74 29.88
    49  3  3.092 300           0 0 1  98.35 1.74 29.88
    49  8  8.018 300           0 0 1  98.35 1.74 29.88
    49 26 26.696 300           0 0 1  98.35 1.74 29.88
    50  0      0 300 300 0     1 1 1  58.66 1.68 39.59
    50  1  0.998 300           0 0 1  58.66 1.68 39.59
    50  3  3.009 300           0 0 1  58.66 1.68 39.59
    50  8  8.107 300           0 0 1  58.66 1.68 39.59
    50 26  25.23 300           0 0 1  58.66 1.68 39.59
    51  0      0 300 300 0     1 1 1  74.75 1.87 42.07
    51  1  1.048 300           0 0 1  74.75 1.87 42.07
    51  3  3.021 300           0 0 1  74.75 1.87 42.07
    51  8  7.985 300           0 0 1  74.75 1.87 42.07
    51 26 25.445 300           0 0 1  74.75 1.87 42.07
    52  0      0 300 300 0     1 1 1    127 1.68 36.75
    52  1  1.024 300           0 0 1    127 1.68 36.75
    52  3  2.994 300           0 0 1    127 1.68 36.75
    52  8  8.035 300           0 0 1    127 1.68 36.75
    52 26  26.03 300           0 0 1    127 1.68 36.75
    53  0      0 300 300 0     1 1 1  87.23 1.91 35.98
    53  1  1.009 300           0 0 1  87.23 1.91 35.98
    53  3  3.092 300           0 0 1  87.23 1.91 35.98
    53  8  7.722 300           0 0 1  87.23 1.91 35.98
    53 26 25.815 300           0 0 1  87.23 1.91 35.98
    54  0      0 300 300 0     1 1 1  93.48 1.82 38.88
    54  1  1.059 300           0 0 1  93.48 1.82 38.88
    54  3  3.146 300           0 0 1  93.48 1.82 38.88
    54  8  7.903 300           0 0 1  93.48 1.82 38.88
    54 26 25.469 300           0 0 1  93.48 1.82 38.88
    55  0      0 300 300 0     1 1 1  72.01 2.01 36.29
    55  1  1.017 300           0 0 1  72.01 2.01 36.29
    55  3  3.025 300           0 0 1  72.01 2.01 36.29
    55  8  7.966 300           0 0 1  72.01 2.01 36.29
    55 26 24.916 300           0 0 1  72.01 2.01 36.29
    56  0      0 300 300 0     1 1 1  91.94 1.91 36.08
    56  1  1.054 300           0 0 1  91.94 1.91 36.08
    56  3  3.098 300           0 0 1  91.94 1.91 36.08
    56  8  8.289 300           0 0 1  91.94 1.91 36.08
    56 26 25.689 300           0 0 1  91.94 1.91 36.08
    57  0      0 300 300 0     1 1 1 100.61 1.92 25.39
    57  1  0.966 300           0 0 1 100.61 1.92 25.39
    57  3  3.134 300           0 0 1 100.61 1.92 25.39
    57  8  7.959 300           0 0 1 100.61 1.92 25.39
    57 26 26.803 300           0 0 1 100.61 1.92 25.39
    58  0      0 300 300 0     1 1 1  103.4 1.69 42.79
    58  1   1.03 300           0 0 1  103.4 1.69 42.79
    58  3  3.015 300           0 0 1  103.4 1.69 42.79
    58  8  7.782 300           0 0 1  103.4 1.69 42.79
    58 26 24.928 300           0 0 1  103.4 1.69 42.79
    59  0      0 300 300 0     1 1 1 131.15 1.69 36.83
    59  1  1.077 300           0 0 1 131.15 1.69 36.83
    59  3  3.005 300           0 0 1 131.15 1.69 36.83
    59  8  8.078 300           0 0 1 131.15 1.69 36.83
    59 26  24.43 300           0 0 1 131.15 1.69 36.83
    60  0      0 300 300 0     1 1 1  36.81 1.77 36.61
    60  1  0.962 300           0 0 1  36.81 1.77 36.61
    60  3  3.128 300           0 0 1  36.81 1.77 36.61
    60  8  7.637 300           0 0 1  36.81 1.77 36.61
    60 26 27.634 300           0 0 1  36.81 1.77 36.61
    61  0      0 300 300 0     1 1 1  89.24 1.51 45.77
    61  1  0.954 300           0 0 1  89.24 1.51 45.77
    61  3  3.054 300           0 0 1  89.24 1.51 45.77
    61  8   7.67 300           0 0 1  89.24 1.51 45.77
    61 26 27.627 300           0 0 1  89.24 1.51 45.77
    62  0      0 300 300 0     1 1 1  57.91 1.66 32.26
    62  1  0.952 300           0 0 1  57.91 1.66 32.26
    62  3  2.985 300           0 0 1  57.91 1.66 32.26
    62  8  7.748 300           0 0 1  57.91 1.66 32.26
    62 26 26.271 300           0 0 1  57.91 1.66 32.26
    63  0      0 300 300 0     1 1 1  97.72 1.81  39.4
    63  1  1.009 300           0 0 1  97.72 1.81  39.4
    63  3  2.968 300           0 0 1  97.72 1.81  39.4
    63  8  7.898 300           0 0 1  97.72 1.81  39.4
    63 26 24.762 300           0 0 1  97.72 1.81  39.4
    64  0      0 300 300 0     1 1 1 119.49 1.96 37.02
    64  1  1.032 300           0 0 1 119.49 1.96 37.02
    64  3  3.061 300           0 0 1 119.49 1.96 37.02
    64  8  7.902 300           0 0 1 119.49 1.96 37.02
    64 26 24.434 300           0 0 1 119.49 1.96 37.02
    65  0      0 300 300 0     1 1 1  73.78 1.92 33.46
    65  1  1.045 300           0 0 1  73.78 1.92 33.46
    65  3  3.045 300           0 0 1  73.78 1.92 33.46
    65  8  8.044 300           0 0 1  73.78 1.92 33.46
    65 26 26.026 300           0 0 1  73.78 1.92 33.46
    66  0      0 300 300 0     1 1 1  47.62 1.79 33.19
    66  1  0.977 300           0 0 1  47.62 1.79 33.19
    66  3  3.114 300           0 0 1  47.62 1.79 33.19
    66  8  8.578 300           0 0 1  47.62 1.79 33.19
    66 26 25.056 300           0 0 1  47.62 1.79 33.19
    67  0      0 300 300 0     1 1 1 104.75 1.46 27.29
    67  1  0.963 300           0 0 1 104.75 1.46 27.29
    67  3   3.13 300           0 0 1 104.75 1.46 27.29
    67  8  7.259 300           0 0 1 104.75 1.46 27.29
    67 26 26.296 300           0 0 1 104.75 1.46 27.29
    68  0      0 300 300 0     1 1 1 119.56 1.89 37.09
    68  1  0.993 300           0 0 1 119.56 1.89 37.09
    68  3   2.98 300           0 0 1 119.56 1.89 37.09
    68  8  8.436 300           0 0 1 119.56 1.89 37.09
    68 26  24.38 300           0 0 1 119.56 1.89 37.09
    69  0      0 300 300 0     1 1 1  96.95 1.79 19.36
    69  1  0.992 300           0 0 1  96.95 1.79 19.36
    69  3  2.863 300           0 0 1  96.95 1.79 19.36
    69  8  8.387 300           0 0 1  96.95 1.79 19.36
    69 26 24.147 300           0 0 1  96.95 1.79 19.36
    70  0      0 300 300 0     1 1 1  58.89 1.76 38.42
    70  1  0.981 300           0 0 1  58.89 1.76 38.42
    70  3  3.024 300           0 0 1  58.89 1.76 38.42
    70  8  8.293 300           0 0 1  58.89 1.76 38.42
    70 26 26.486 300           0 0 1  58.89 1.76 38.42
    71  0      0 300 300 0     1 1 1  87.25 1.95 35.66
    71  1  1.077 300           0 0 1  87.25 1.95 35.66
    71  3  3.202 300           0 0 1  87.25 1.95 35.66
    71  8  7.985 300           0 0 1  87.25 1.95 35.66
    71 26 26.383 300           0 0 1  87.25 1.95 35.66
    72  0      0 300 300 0     1 1 1  69.62 1.62 33.51
    72  1  0.957 300           0 0 1  69.62 1.62 33.51
    72  3  2.996 300           0 0 1  69.62 1.62 33.51
    72  8  8.246 300           0 0 1  69.62 1.62 33.51
    72 26 25.687 300           0 0 1  69.62 1.62 33.51
    73  0      0 300 300 0     1 1 1  64.06 1.72 25.69
    73  1  1.016 300           0 0 1  64.06 1.72 25.69
    73  3   2.98 300           0 0 1  64.06 1.72 25.69
    73  8  7.999 300           0 0 1  64.06 1.72 25.69
    73 26 25.538 300           0 0 1  64.06 1.72 25.69
    74  0      0 300 300 0     1 1 1 135.04 2.14 27.86
    74  1  0.983 300           0 0 1 135.04 2.14 27.86
    74  3  2.992 300           0 0 1 135.04 2.14 27.86
    74  8  8.116 300           0 0 1 135.04 2.14 27.86
    74 26 26.865 300           0 0 1 135.04 2.14 27.86
    75  0      0 300 300 0     1 1 1 115.56 1.66    40
    75  1  0.961 300           0 0 1 115.56 1.66    40
    75  3  3.168 300           0 0 1 115.56 1.66    40
    75  8  8.325 300           0 0 1 115.56 1.66    40
    75 26 25.976 300           0 0 1 115.56 1.66    40
    76  0      0 300 300 0     1 1 1 105.89 1.83 31.96
    76  1   0.99 300           0 0 1 105.89 1.83 31.96
    76  3  3.097 300           0 0 1 105.89 1.83 31.96
    76  8  7.936 300           0 0 1 105.89 1.83 31.96
    76 26 25.219 300           0 0 1 105.89 1.83 31.96
    77  0      0 300 300 0     1 1 1 103.45 1.89 35.99
    77  1  0.979 300           0 0 1 103.45 1.89 35.99
    77  3  2.837 300           0 0 1 103.45 1.89 35.99
    77  8  7.427 300           0 0 1 103.45 1.89 35.99
    77 26 27.831 300           0 0 1 103.45 1.89 35.99
    78  0      0 300 300 0     1 1 1  69.06 1.46 34.16
    78  1  1.009 300           0 0 1  69.06 1.46 34.16
    78  3  2.948 300           0 0 1  69.06 1.46 34.16
    78  8  7.996 300           0 0 1  69.06 1.46 34.16
    78 26 25.869 300           0 0 1  69.06 1.46 34.16
    79  0      0 300 300 0     1 1 1   96.1 1.39 36.68
    79  1  1.003 300           0 0 1   96.1 1.39 36.68
    79  3  3.078 300           0 0 1   96.1 1.39 36.68
    79  8  8.103 300           0 0 1   96.1 1.39 36.68
    79 26 26.302 300           0 0 1   96.1 1.39 36.68
    80  0      0 300 300 0     1 1 1 107.55 1.78 28.79
    80  1  0.937 300           0 0 1 107.55 1.78 28.79
    80  3  2.994 300           0 0 1 107.55 1.78 28.79
    80  8  7.874 300           0 0 1 107.55 1.78 28.79
    80 26  26.55 300           0 0 1 107.55 1.78 28.79
    81  0      0 300 300 0     1 1 1  99.65 1.93 31.87
    81  1  0.968 300           0 0 1  99.65 1.93 31.87
    81  3   2.92 300           0 0 1  99.65 1.93 31.87
    81  8  7.868 300           0 0 1  99.65 1.93 31.87
    81 26 25.637 300           0 0 1  99.65 1.93 31.87
    82  0      0 300 300 0     1 1 1 108.01 1.36 23.72
    82  1  0.978 300           0 0 1 108.01 1.36 23.72
    82  3   3.14 300           0 0 1 108.01 1.36 23.72
    82  8  8.825 300           0 0 1 108.01 1.36 23.72
    82 26 27.647 300           0 0 1 108.01 1.36 23.72
    83  0      0 300 300 0     1 1 1  79.71 1.74 35.64
    83  1  0.987 300           0 0 1  79.71 1.74 35.64
    83  3  2.941 300           0 0 1  79.71 1.74 35.64
    83  8  8.123 300           0 0 1  79.71 1.74 35.64
    83 26 26.084 300           0 0 1  79.71 1.74 35.64
    84  0      0 300 300 0     1 1 1 138.12 1.72 32.92
    84  1  1.023 300           0 0 1 138.12 1.72 32.92
    84  3  2.925 300           0 0 1 138.12 1.72 32.92
    84  8  8.273 300           0 0 1 138.12 1.72 32.92
    84 26 25.396 300           0 0 1 138.12 1.72 32.92
    85  0      0 300 300 0     1 1 1  106.5 2.09  34.1
    85  1  0.957 300           0 0 1  106.5 2.09  34.1
    85  3  2.991 300           0 0 1  106.5 2.09  34.1
    85  8  8.493 300           0 0 1  106.5 2.09  34.1
    85 26 25.194 300           0 0 1  106.5 2.09  34.1
    86  0      0 300 300 0     1 1 1 125.31 1.89 37.69
    86  1  0.966 300           0 0 1 125.31 1.89 37.69
    86  3  2.868 300           0 0 1 125.31 1.89 37.69
    86  8  7.978 300           0 0 1 125.31 1.89 37.69
    86 26 26.671 300           0 0 1 125.31 1.89 37.69
    87  0      0 300 300 0     1 1 1 100.21 1.73 35.76
    87  1  0.995 300           0 0 1 100.21 1.73 35.76
    87  3  3.086 300           0 0 1 100.21 1.73 35.76
    87  8  8.258 300           0 0 1 100.21 1.73 35.76
    87 26 26.532 300           0 0 1 100.21 1.73 35.76
    88  0      0 300 300 0     1 1 1  79.63 1.77 43.46
    88  1  1.083 300           0 0 1  79.63 1.77 43.46
    88  3  3.116 300           0 0 1  79.63 1.77 43.46
    88  8    8.5 300           0 0 1  79.63 1.77 43.46
    88 26 25.794 300           0 0 1  79.63 1.77 43.46
    89  0      0 300 300 0     1 1 1  97.37 2.05 37.81
    89  1  0.985 300           0 0 1  97.37 2.05 37.81
    89  3  2.928 300           0 0 1  97.37 2.05 37.81
    89  8   8.13 300           0 0 1  97.37 2.05 37.81
    89 26 26.723 300           0 0 1  97.37 2.05 37.81
    90  0      0 300 300 0     1 1 1 103.42 1.78 32.43
    90  1  1.031 300           0 0 1 103.42 1.78 32.43
    90  3  3.094 300           0 0 1 103.42 1.78 32.43
    90  8  7.851 300           0 0 1 103.42 1.78 32.43
    90 26 26.596 300           0 0 1 103.42 1.78 32.43
    91  0      0 300 300 0     1 1 1  65.86 1.78 33.17
    91  1  1.007 300           0 0 1  65.86 1.78 33.17
    91  3  2.899 300           0 0 1  65.86 1.78 33.17
    91  8  8.099 300           0 0 1  65.86 1.78 33.17
    91 26 26.407 300           0 0 1  65.86 1.78 33.17
    92  0      0 300 300 0     1 1 1  68.14 1.63 43.65
    92  1  1.002 300           0 0 1  68.14 1.63 43.65
    92  3    3.1 300           0 0 1  68.14 1.63 43.65
    92  8    7.9 300           0 0 1  68.14 1.63 43.65
    92 26 26.811 300           0 0 1  68.14 1.63 43.65
    93  0      0 300 300 0     1 1 1 125.73  1.8 36.67
    93  1  1.028 300           0 0 1 125.73  1.8 36.67
    93  3  3.109 300           0 0 1 125.73  1.8 36.67
    93  8  8.168 300           0 0 1 125.73  1.8 36.67
    93 26 26.899 300           0 0 1 125.73  1.8 36.67
    94  0      0 300 300 0     1 1 1  77.87 1.82  37.3
    94  1  1.029 300           0 0 1  77.87 1.82  37.3
    94  3  2.937 300           0 0 1  77.87 1.82  37.3
    94  8  8.116 300           0 0 1  77.87 1.82  37.3
    94 26 26.207 300           0 0 1  77.87 1.82  37.3
    95  0      0 300 300 0     1 1 1  65.51 1.93 37.78
    95  1  0.958 300           0 0 1  65.51 1.93 37.78
    95  3  3.022 300           0 0 1  65.51 1.93 37.78
    95  8  8.135 300           0 0 1  65.51 1.93 37.78
    95 26 27.835 300           0 0 1  65.51 1.93 37.78
    96  0      0 300 300 0     1 1 1 100.53 1.69 29.58
    96  1  0.973 300           0 0 1 100.53 1.69 29.58
    96  3  2.975 300           0 0 1 100.53 1.69 29.58
    96  8  8.123 300           0 0 1 100.53 1.69 29.58
    96 26 26.578 300           0 0 1 100.53 1.69 29.58
    97  0      0 300 300 0     1 1 1  75.49 1.91  40.6
    97  1  1.016 300           0 0 1  75.49 1.91  40.6
    97  3  3.108 300           0 0 1  75.49 1.91  40.6
    97  8  8.306 300           0 0 1  75.49 1.91  40.6
    97 26 24.594 300           0 0 1  75.49 1.91  40.6
    98  0      0 300 300 0     1 1 1 131.41 1.65 22.86
    98  1  1.038 300           0 0 1 131.41 1.65 22.86
    98  3  3.059 300           0 0 1 131.41 1.65 22.86
    98  8  7.803 300           0 0 1 131.41 1.65 22.86
    98 26 26.219 300           0 0 1 131.41 1.65 22.86
    99  0      0 300 300 0     1 1 1   73.5 1.88 38.36
    99  1  0.989 300           0 0 1   73.5 1.88 38.36
    99  3  3.095 300           0 0 1   73.5 1.88 38.36
    99  8  7.824 300           0 0 1   73.5 1.88 38.36
    99 26 26.592 300           0 0 1   73.5 1.88 38.36
   100  0      0 300 300 0     1 1 1  71.51 1.81 46.81
   100  1  1.003 300           0 0 1  71.51 1.81 46.81
   100  3  3.053 300           0 0 1  71.51 1.81 46.81
   100  8  8.233 300           0 0 1  71.51 1.81 46.81
   100 26  26.12 300           0 0 1  71.51 1.81 46.81
   101  0      0 300 300 0     1 1 1   90.8 1.64 31.29
   101  1  1.031 300           0 0 1   90.8 1.64 31.29
   101  3  2.934 300           0 0 1   90.8 1.64 31.29
   101  8  7.775 300           0 0 1   90.8 1.64 31.29
   101 26 28.049 300           0 0 1   90.8 1.64 31.29
   102  0      0 300 300 0     1 1 1  61.82 1.67 33.42
   102  1  0.999 300           0 0 1  61.82 1.67 33.42
   102  3  3.065 300           0 0 1  61.82 1.67 33.42
   102  8  7.814 300           0 0 1  61.82 1.67 33.42
   102 26 25.621 300           0 0 1  61.82 1.67 33.42
   103  0      0 300 300 0     1 1 1  94.97 1.72 36.09
   103  1  0.976 300           0 0 1  94.97 1.72 36.09
   103  3  2.973 300           0 0 1  94.97 1.72 36.09
   103  8  8.239 300           0 0 1  94.97 1.72 36.09
   103 26 25.446 300           0 0 1  94.97 1.72 36.09
   104  0      0 300 300 0     1 1 1  58.28 1.58 30.96
   104  1  0.997 300           0 0 1  58.28 1.58 30.96
   104  3  3.085 300           0 0 1  58.28 1.58 30.96
   104  8  8.165 300           0 0 1  58.28 1.58 30.96
   104 26 24.277 300           0 0 1  58.28 1.58 30.96
   105  0      0 300 300 0     1 1 1  89.06 1.75 36.87
   105  1  1.021 300           0 0 1  89.06 1.75 36.87
   105  3  2.806 300           0 0 1  89.06 1.75 36.87
   105  8  8.127 300           0 0 1  89.06 1.75 36.87
   105 26 27.542 300           0 0 1  89.06 1.75 36.87
   106  0      0 300 300 0     1 1 1  74.84 1.91 33.15
   106  1   1.03 300           0 0 1  74.84 1.91 33.15
   106  3   2.89 300           0 0 1  74.84 1.91 33.15
   106  8  7.919 300           0 0 1  74.84 1.91 33.15
   106 26 26.723 300           0 0 1  74.84 1.91 33.15
   107  0      0 300 300 0     1 1 1  79.56 2.26 39.13
   107  1   0.92 300           0 0 1  79.56 2.26 39.13
   107  3  3.026 300           0 0 1  79.56 2.26 39.13
   107  8   7.42 300           0 0 1  79.56 2.26 39.13
   107 26 26.023 300           0 0 1  79.56 2.26 39.13
   108  0      0 300 300 0     1 1 1 118.78 1.75 46.71
   108  1  0.981 300           0 0 1 118.78 1.75 46.71
   108  3  3.028 300           0 0 1 118.78 1.75 46.71
   108  8   8.07 300           0 0 1 118.78 1.75 46.71
   108 26 26.771 300           0 0 1 118.78 1.75 46.71
   109  0      0 300 300 0     1 1 1  76.69 1.87 27.22
   109  1  0.982 300           0 0 1  76.69 1.87 27.22
   109  3  2.971 300           0 0 1  76.69 1.87 27.22
   109  8   8.62 300           0 0 1  76.69 1.87 27.22
   109 26 26.698 300           0 0 1  76.69 1.87 27.22
   110  0      0 300 300 0     1 1 1  92.84 1.91 31.63
   110  1  0.973 300           0 0 1  92.84 1.91 31.63
   110  3  3.061 300           0 0 1  92.84 1.91 31.63
   110  8  8.002 300           0 0 1  92.84 1.91 31.63
   110 26 26.439 300           0 0 1  92.84 1.91 31.63
   111  0      0 300 300 0     1 1 1  60.27 1.62 38.53
   111  1  0.965 300           0 0 1  60.27 1.62 38.53
   111  3  2.794 300           0 0 1  60.27 1.62 38.53
   111  8  7.684 300           0 0 1  60.27 1.62 38.53
   111 26 25.548 300           0 0 1  60.27 1.62 38.53
   112  0      0 300 300 0     1 1 1  58.29 1.95 36.82
   112  1  0.961 300           0 0 1  58.29 1.95 36.82
   112  3  3.171 300           0 0 1  58.29 1.95 36.82
   112  8  7.893 300           0 0 1  58.29 1.95 36.82
   112 26 25.932 300           0 0 1  58.29 1.95 36.82
   113  0      0 300 300 0     1 1 1 112.59 1.85 34.68
   113  1  0.977 300           0 0 1 112.59 1.85 34.68
   113  3   2.93 300           0 0 1 112.59 1.85 34.68
   113  8  8.055 300           0 0 1 112.59 1.85 34.68
   113 26 26.364 300           0 0 1 112.59 1.85 34.68
   114  0      0 300 300 0     1 1 1  113.8 1.51 31.92
   114  1  1.035 300           0 0 1  113.8 1.51 31.92
   114  3  2.927 300           0 0 1  113.8 1.51 31.92
   114  8  8.233 300           0 0 1  113.8 1.51 31.92
   114 26 24.797 300           0 0 1  113.8 1.51 31.92
   115  0      0 300 300 0     1 1 1   84.4 1.72 35.49
   115  1   1.01 300           0 0 1   84.4 1.72 35.49
   115  3  3.019 300           0 0 1   84.4 1.72 35.49
   115  8  7.956 300           0 0 1   84.4 1.72 35.49
   115 26 26.445 300           0 0 1   84.4 1.72 35.49
   116  0      0 300 300 0     1 1 1  75.49 1.89 35.49
   116  1   1.03 300           0 0 1  75.49 1.89 35.49
   116  3  3.012 300           0 0 1  75.49 1.89 35.49
   116  8  8.251 300           0 0 1  75.49 1.89 35.49
   116 26 26.447 300           0 0 1  75.49 1.89 35.49
   117  0      0 300 300 0     1 1 1     85  1.7 37.63
   117  1  0.982 300           0 0 1     85  1.7 37.63
   117  3  3.077 300           0 0 1     85  1.7 37.63
   117  8  8.198 300           0 0 1     85  1.7 37.63
   117 26 25.489 300           0 0 1     85  1.7 37.63
   118  0      0 300 300 0     1 1 1  99.31 1.69 35.74
   118  1  1.021 300           0 0 1  99.31 1.69 35.74
   118  3  2.812 300           0 0 1  99.31 1.69 35.74
   118  8  8.037 300           0 0 1  99.31 1.69 35.74
   118 26 26.208 300           0 0 1  99.31 1.69 35.74
   119  0      0 300 300 0     1 1 1 131.88 1.63 33.81
   119  1  1.004 300           0 0 1 131.88 1.63 33.81
   119  3  2.799 300           0 0 1 131.88 1.63 33.81
   119  8    7.9 300           0 0 1 131.88 1.63 33.81
   119 26 25.136 300           0 0 1 131.88 1.63 33.81
   120  0      0 300 300 0     1 1 1  84.65 1.56 26.21
   120  1  0.962 300           0 0 1  84.65 1.56 26.21
   120  3  3.002 300           0 0 1  84.65 1.56 26.21
   120  8  8.108 300           0 0 1  84.65 1.56 26.21
   120 26 25.531 300           0 0 1  84.65 1.56 26.21
   121  0      0 300 300 0     1 1 1 118.54  1.9 37.56
   121  1  0.974 300           0 0 1 118.54  1.9 37.56
   121  3  2.744 300           0 0 1 118.54  1.9 37.56
   121  8  8.019 300           0 0 1 118.54  1.9 37.56
   121 26  26.65 300           0 0 1 118.54  1.9 37.56
   122  0      0 300 300 0     1 1 1 113.85    2 34.01
   122  1  0.996 300           0 0 1 113.85    2 34.01
   122  3  2.951 300           0 0 1 113.85    2 34.01
   122  8  8.242 300           0 0 1 113.85    2 34.01
   122 26 24.395 300           0 0 1 113.85    2 34.01
   123  0      0 300 300 0     1 1 1  92.87 1.74 35.61
   123  1   0.99 300           0 0 1  92.87 1.74 35.61
   123  3  2.969 300           0 0 1  92.87 1.74 35.61
   123  8  8.006 300           0 0 1  92.87 1.74 35.61
   123 26 27.026 300           0 0 1  92.87 1.74 35.61
   124  0      0 300 300 0     1 1 1 118.25 1.68 28.32
   124  1  0.982 300           0 0 1 118.25 1.68 28.32
   124  3   3.06 300           0 0 1 118.25 1.68 28.32
   124  8  8.182 300           0 0 1 118.25 1.68 28.32
   124 26  26.01 300           0 0 1 118.25 1.68 28.32
   125  0      0 300 300 0     1 1 1  77.25 2.04  30.5
   125  1  0.993 300           0 0 1  77.25 2.04  30.5
   125  3  3.074 300           0 0 1  77.25 2.04  30.5
   125  8  7.993 300           0 0 1  77.25 2.04  30.5
   125 26 24.443 300           0 0 1  77.25 2.04  30.5
   126  0      0 300 300 0     1 1 1  61.76 1.74  38.7
   126  1  0.939 300           0 0 1  61.76 1.74  38.7
   126  3  2.974 300           0 0 1  61.76 1.74  38.7
   126  8  7.984 300           0 0 1  61.76 1.74  38.7
   126 26  26.86 300           0 0 1  61.76 1.74  38.7
   127  0      0 300 300 0     1 1 1  47.35 1.78 33.52
   127  1  0.968 300           0 0 1  47.35 1.78 33.52
   127  3  3.038 300           0 0 1  47.35 1.78 33.52
   127  8  8.057 300           0 0 1  47.35 1.78 33.52
   127 26 25.161 300           0 0 1  47.35 1.78 33.52
   128  0      0 300 300 0     1 1 1  110.4 1.86 31.54
   128  1   1.05 300           0 0 1  110.4 1.86 31.54
   128  3  2.966 300           0 0 1  110.4 1.86 31.54
   128  8  7.546 300           0 0 1  110.4 1.86 31.54
   128 26 24.728 300           0 0 1  110.4 1.86 31.54
   129  0      0 300 300 0     1 1 1  41.51 1.56 27.17
   129  1  0.993 300           0 0 1  41.51 1.56 27.17
   129  3  3.115 300           0 0 1  41.51 1.56 27.17
   129  8  8.169 300           0 0 1  41.51 1.56 27.17
   129 26  25.76 300           0 0 1  41.51 1.56 27.17
   130  0      0 300 300 0     1 1 1  60.98 1.65 28.21
   130  1  0.942 300           0 0 1  60.98 1.65 28.21
   130  3  2.898 300           0 0 1  60.98 1.65 28.21
   130  8  7.917 300           0 0 1  60.98 1.65 28.21
   130 26 25.555 300           0 0 1  60.98 1.65 28.21
   131  0      0 300 300 0     1 1 1 120.59 1.66 28.49
   131  1  0.975 300           0 0 1 120.59 1.66 28.49
   131  3  3.019 300           0 0 1 120.59 1.66 28.49
   131  8  7.689 300           0 0 1 120.59 1.66 28.49
   131 26 24.591 300           0 0 1 120.59 1.66 28.49
   132  0      0 300 300 0     1 1 1 104.66 1.64 33.09
   132  1  0.967 300           0 0 1 104.66 1.64 33.09
   132  3  2.931 300           0 0 1 104.66 1.64 33.09
   132  8  8.109 300           0 0 1 104.66 1.64 33.09
   132 26 25.028 300           0 0 1 104.66 1.64 33.09
   133  0      0 300 300 0     1 1 1  97.12 1.87 40.83
   133  1  0.948 300           0 0 1  97.12 1.87 40.83
   133  3  3.023 300           0 0 1  97.12 1.87 40.83
   133  8  7.471 300           0 0 1  97.12 1.87 40.83
   133 26 26.848 300           0 0 1  97.12 1.87 40.83
   134  0      0 300 300 0     1 1 1  61.22 1.39 34.38
   134  1  0.989 300           0 0 1  61.22 1.39 34.38
   134  3  2.977 300           0 0 1  61.22 1.39 34.38
   134  8  8.113 300           0 0 1  61.22 1.39 34.38
   134 26 25.832 300           0 0 1  61.22 1.39 34.38
   135  0      0 300 300 0     1 1 1 141.87 1.82    29
   135  1  0.991 300           0 0 1 141.87 1.82    29
   135  3  2.974 300           0 0 1 141.87 1.82    29
   135  8  7.852 300           0 0 1 141.87 1.82    29
   135 26 25.622 300           0 0 1 141.87 1.82    29
   136  0      0 300 300 0     1 1 1  64.09 1.98 33.89
   136  1  1.011 300           0 0 1  64.09 1.98 33.89
   136  3  2.922 300           0 0 1  64.09 1.98 33.89
   136  8  8.139 300           0 0 1  64.09 1.98 33.89
   136 26 27.636 300           0 0 1  64.09 1.98 33.89
   137  0      0 300 300 0     1 1 1  64.87 1.77 35.86
   137  1  1.053 300           0 0 1  64.87 1.77 35.86
   137  3  2.987 300           0 0 1  64.87 1.77 35.86
   137  8  7.579 300           0 0 1  64.87 1.77 35.86
   137 26 25.333 300           0 0 1  64.87 1.77 35.86
   138  0      0 300 300 0     1 1 1 100.15 1.71 28.72
   138  1  0.964 300           0 0 1 100.15 1.71 28.72
   138  3  2.926 300           0 0 1 100.15 1.71 28.72
   138  8  8.241 300           0 0 1 100.15 1.71 28.72
   138 26 25.697 300           0 0 1 100.15 1.71 28.72
   139  0      0 300 300 0     1 1 1  88.81  1.6 27.58
   139  1   1.02 300           0 0 1  88.81  1.6 27.58
   139  3  2.984 300           0 0 1  88.81  1.6 27.58
   139  8  8.213 300           0 0 1  88.81  1.6 27.58
   139 26 26.942 300           0 0 1  88.81  1.6 27.58
   140  0      0 300 300 0     1 1 1  77.23 1.86 40.16
   140  1  1.028 300           0 0 1  77.23 1.86 40.16
   140  3   2.97 300           0 0 1  77.23 1.86 40.16
   140  8  8.494 300           0 0 1  77.23 1.86 40.16
   140 26 27.125 300           0 0 1  77.23 1.86 40.16
