    1     0      0 0.45 0.45 0     1 1 1 54.29 61.72
    1 0.033  0.034 0.45            0 0 1 54.29 61.72
    1 0.083  0.082 0.45            0 0 1 54.29 61.72
    1 0.167  0.166 0.45            0 0 1 54.29 61.72
    1  0.25  0.244 0.45            0 0 1 54.29 61.72
    1   0.5  0.486 0.45            0 0 1 54.29 61.72
    1     1  0.955 0.45            0 0 1 54.29 61.72
    1     2    2.1 0.45            0 0 1 54.29 61.72
    1     6   6.06 0.45            0 0 1 54.29 61.72
    1    24  25.04 0.45            0 0 1 54.29 61.72
    1    48 46.474 0.45            0 0 1 54.29 61.72
    2     0      0 0.45 0.45 0     1 1 1  41.4 59.36
    2 0.033  0.032 0.45            0 0 1  41.4 59.36
    2 0.083  0.083 0.45            0 0 1  41.4 59.36
    2 0.167  0.163 0.45            0 0 1  41.4 59.36
    2  0.25  0.261 0.45            0 0 1  41.4 59.36
    2   0.5   0.49 0.45            0 0 1  41.4 59.36
    2     1  1.019 0.45            0 0 1  41.4 59.36
    2     2  2.032 0.45            0 0 1  41.4 59.36
    2     6  6.053 0.45            0 0 1  41.4 59.36
    2    24 24.897 0.45            0 0 1  41.4 59.36
    2    48 46.316 0.45            0 0 1  41.4 59.36
    3     0      0 0.45 0.45 0     1 1 1  71.1 66.75
    3 0.033  0.035 0.45            0 0 1  71.1 66.75
    3 0.083  0.082 0.45            0 0 1  71.1 66.75
    3 0.167  0.171 0.45            0 0 1  71.1 66.75
    3  0.25  0.253 0.45            0 0 1  71.1 66.75
    3   0.5  0.496 0.45            0 0 1  71.1 66.75
    3     1   0.98 0.45            0 0 1  71.1 66.75
    3     2  1.939 0.45            0 0 1  71.1 66.75
    3     6  6.078 0.45            0 0 1  71.1 66.75
    3    24 24.097 0.45            0 0 1  71.1 66.75
    3    48 46.869 0.45            0 0 1  71.1 66.75
    4     0      0 0.45 0.45 0     1 1 1 54.06 58.65
    4 0.033  0.032 0.45            0 0 1 54.06 58.65
    4 0.083   0.08 0.45            0 0 1 54.06 58.65
    4 0.167  0.169 0.45            0 0 1 54.06 58.65
    4  0.25  0.251 0.45            0 0 1 54.06 58.65
    4   0.5  0.509 0.45            0 0 1 54.06 58.65
    4     1   0.97 0.45            0 0 1 54.06 58.65
    4     2  1.966 0.45            0 0 1 54.06 58.65
    4     6  5.884 0.45            0 0 1 54.06 58.65
    4    24 24.379 0.45            0 0 1 54.06 58.65
    4    48 47.654 0.45            0 0 1 54.06 58.65
    5     0      0 0.45 0.45 0     1 1 1 57.43 57.35
    5 0.033  0.033 0.45            0 0 1 57.43 57.35
    5 0.083   0.08 0.45            0 0 1 57.43 57.35
    5 0.167  0.168 0.45            0 0 1 57.43 57.35
    5  0.25  0.252 0.45            0 0 1 57.43 57.35
    5   0.5  0.498 0.45            0 0 1 57.43 57.35
    5     1  0.968 0.45            0 0 1 57.43 57.35
    5     2  2.016 0.45            0 0 1 57.43 57.35
    5     6  5.996 0.45            0 0 1 57.43 57.35
    5    24 22.927 0.45            0 0 1 57.43 57.35
    5    48 47.092 0.45            0 0 1 57.43 57.35
    6     0      0 0.45 0.45 0     1 1 1 66.74 60.83
    6 0.033  0.031 0.45            0 0 1 66.74 60.83
    6 0.083  0.086 0.45            0 0 1 66.74 60.83
    6 0.167   0.17 0.45            0 0 1 66.74 60.83
    6  0.25  0.249 0.45            0 0 1 66.74 60.83
    6   0.5  0.509 0.45            0 0 1 66.74 60.83
    6     1  0.945 0.45            0 0 1 66.74 60.83
    6     2  1.952 0.45            0 0 1 66.74 60.83
    6     6  6.143 0.45            0 0 1 66.74 60.83
    6    24 23.886 0.45            0 0 1 66.74 60.83
    6    48 48.091 0.45            0 0 1 66.74 60.83
    7     0      0 0.45 0.45 0     1 1 1 61.07  49.7
    7 0.033  0.035 0.45            0 0 1 61.07  49.7
    7 0.083  0.081 0.45            0 0 1 61.07  49.7
    7 0.167  0.158 0.45            0 0 1 61.07  49.7
    7  0.25  0.254 0.45            0 0 1 61.07  49.7
    7   0.5  0.532 0.45            0 0 1 61.07  49.7
    7     1  1.013 0.45            0 0 1 61.07  49.7
    7     2  2.099 0.45            0 0 1 61.07  49.7
    7     6  5.929 0.45            0 0 1 61.07  49.7
    7    24 24.304 0.45            0 0 1 61.07  49.7
    7    48 48.024 0.45            0 0 1 61.07  49.7
    8     0      0 0.45 0.45 0     1 1 1 54.93  51.1
    8 0.033  0.034 0.45            0 0 1 54.93  51.1
    8 0.083  0.089 0.45            0 0 1 54.93  51.1
    8 0.167  0.168 0.45            0 0 1 54.93  51.1
    8  0.25  0.254 0.45            0 0 1 54.93  51.1
    8   0.5  0.504 0.45            0 0 1 54.93  51.1
    8     1  1.015 0.45            0 0 1 54.93  51.1
    8     2  2.022 0.45            0 0 1 54.93  51.1
    8     6  6.027 0.45            0 0 1 54.93  51.1
    8    24 23.759 0.45            0 0 1 54.93  51.1
    8    48 48.823 0.45            0 0 1 54.93  51.1
    9     0      0 0.45 0.45 0     1 1 1  59.1 59.98
    9 0.033  0.034 0.45            0 0 1  59.1 59.98
    9 0.083  0.082 0.45            0 0 1  59.1 59.98
    9 0.167  0.163 0.45            0 0 1  59.1 59.98
    9  0.25  0.243 0.45            0 0 1  59.1 59.98
    9   0.5  0.506 0.45            0 0 1  59.1 59.98
    9     1  0.947 0.45            0 0 1  59.1 59.98
    9     2  2.031 0.45            0 0 1  59.1 59.98
    9     6  6.075 0.45            0 0 1  59.1 59.98
    9    24  23.52 0.45            0 0 1  59.1 59.98
    9    48 51.035 0.45            0 0 1  59.1 59.98
   10     0      0 0.45 0.45 0     1 1 1 60.45  47.9
   10 0.033  0.033 0.45            0 0 1 60.45  47.9
   10 0.083  0.084 0.45            0 0 1 60.45  47.9
   10 0.167  0.161 0.45            0 0 1 60.45  47.9
   10  0.25  0.251 0.45            0 0 1 60.45  47.9
   10   0.5   0.53 0.45            0 0 1 60.45  47.9
   10     1  1.047 0.45            0 0 1 60.45  47.9
   10     2  2.034 0.45            0 0 1 60.45  47.9
   10     6  5.825 0.45            0 0 1 60.45  47.9
   10    24 23.569 0.45            0 0 1 60.45  47.9
   10    48 50.346 0.45            0 0 1 60.45  47.9
   11     0      0 0.45 0.45 0     1 1 1 47.03  61.3
   11 0.033  0.032 0.45            0 0 1 47.03  61.3
   11 0.083  0.082 0.45            0 0 1 47.03  61.3
   11 0.167  0.166 0.45            0 0 1 47.03  61.3
   11  0.25  0.257 0.45            0 0 1 47.03  61.3
   11   0.5  0.528 0.45            0 0 1 47.03  61.3
   11     1  1.032 0.45            0 0 1 47.03  61.3
   11     2  1.879 0.45            0 0 1 47.03  61.3
   11     6   6.14 0.45            0 0 1 47.03  61.3
   11    24 22.969 0.45            0 0 1 47.03  61.3
   11    48 46.377 0.45            0 0 1 47.03  61.3
   12     0      0 0.45 0.45 0     1 1 1 69.53 64.49
   12 0.033  0.034 0.45            0 0 1 69.53 64.49
   12 0.083  0.081 0.45            0 0 1 69.53 64.49
   12 0.167  0.166 0.45            0 0 1 69.53 64.49
   12  0.25  0.236 0.45            0 0 1 69.53 64.49
   12   0.5  0.511 0.45            0 0 1 69.53 64.49
   12     1  0.998 0.45            0 0 1 69.53 64.49
   12     2   1.92 0.45            0 0 1 69.53 64.49
   12     6    6.2 0.45            0 0 1 69.53 64.49
   12    24  24.64 0.45            0 0 1 69.53 64.49
   12    48 45.332 0.45            0 0 1 69.53 64.49
   13     0      0 0.45 0.45 0     1 1 1 66.99 63.14
   13 0.033  0.035 0.45            0 0 1 66.99 63.14
   13 0.083  0.081 0.45            0 0 1 66.99 63.14
   13 0.167  0.172 0.45            0 0 1 66.99 63.14
   13  0.25  0.265 0.45            0 0 1 66.99 63.14
   13   0.5  0.494 0.45            0 0 1 66.99 63.14
   13     1  0.954 0.45            0 0 1 66.99 63.14
   13     2  1.914 0.45            0 0 1 66.99 63.14
   13     6  6.162 0.45            0 0 1 66.99 63.14
   13    24 24.781 0.45            0 0 1 66.99 63.14
   13    48 46.229 0.45            0 0 1 66.99 63.14
   14     0      0 0.45 0.45 0     1 1 1 54.81  59.8
   14 0.033  0.034 0.45            0 0 1 54.81  59.8
   14 0.083  0.088 0.45            0 0 1 54.81  59.8
   14 0.167  0.172 0.45            0 0 1 54.81  59.8
   14  0.25  0.256 0.45            0 0 1 54.81  59.8
   14   0.5  0.487 0.45            0 0 1 54.81  59.8
   14     1  1.075 0.45            0 0 1 54.81  59.8
   14     2  1.941 0.45            0 0 1 54.81  59.8
   14     6  5.745 0.45            0 0 1 54.81  59.8
   14    24 24.549 0.45            0 0 1 54.81  59.8
   14    48 46.354 0.45            0 0 1 54.81  59.8
   15     0      0 0.45 0.45 0     1 1 1 65.19  60.2
   15 0.033  0.035 0.45            0 0 1 65.19  60.2
   15 0.083  0.084 0.45            0 0 1 65.19  60.2
   15 0.167  0.166 0.45            0 0 1 65.19  60.2
   15  0.25  0.251 0.45            0 0 1 65.19  60.2
   15   0.5  0.462 0.45            0 0 1 65.19  60.2
   15     1   1.05 0.45            0 0 1 65.19  60.2
   15     2  1.937 0.45            0 0 1 65.19  60.2
   15     6   6.35 0.45            0 0 1 65.19  60.2
   15    24 23.768 0.45            0 0 1 65.19  60.2
   15    48  49.59 0.45            0 0 1 65.19  60.2
   16     0      0 0.45 0.45 0     1 1 1 56.41 67.88
   16 0.033  0.033 0.45            0 0 1 56.41 67.88
   16 0.083   0.08 0.45            0 0 1 56.41 67.88
   16 0.167  0.159 0.45            0 0 1 56.41 67.88
   16  0.25  0.236 0.45            0 0 1 56.41 67.88
   16   0.5  0.486 0.45            0 0 1 56.41 67.88
   16     1      1 0.45            0 0 1 56.41 67.88
   16     2  2.027 0.45            0 0 1 56.41 67.88
   16     6  5.621 0.45            0 0 1 56.41 67.88
   16    24 22.039 0.45            0 0 1 56.41 67.88
   16    48 47.716 0.45            0 0 1 56.41 67.88
   17     0      0 0.45 0.45 0     1 1 1 69.78 65.95
   17 0.033  0.034 0.45            0 0 1 69.78 65.95
   17 0.083  0.083 0.45            0 0 1 69.78 65.95
   17 0.167  0.172 0.45            0 0 1 69.78 65.95
   17  0.25   0.25 0.45            0 0 1 69.78 65.95
   17   0.5   0.51 0.45            0 0 1 69.78 65.95
   17     1  1.014 0.45            0 0 1 69.78 65.95
   17     2  1.939 0.45            0 0 1 69.78 65.95
   17     6  6.043 0.45            0 0 1 69.78 65.95
   17    24 24.939 0.45            0 0 1 69.78 65.95
   17    48 49.186 0.45            0 0 1 69.78 65.95
   18     0      0 0.45 0.45 0     1 1 1 56.25 73.63
   18 0.033  0.032 0.45            0 0 1 56.25 73.63
   18 0.083  0.079 0.45            0 0 1 56.25 73.63
   18 0.167  0.157 0.45            0 0 1 56.25 73.63
   18  0.25  0.242 0.45            0 0 1 56.25 73.63
   18   0.5  0.512 0.45            0 0 1 56.25 73.63
   18     1  0.981 0.45            0 0 1 56.25 73.63
   18     2  1.974 0.45            0 0 1 56.25 73.63
   18     6  5.817 0.45            0 0 1 56.25 73.63
   18    24 24.199 0.45            0 0 1 56.25 73.63
   18    48 46.529 0.45            0 0 1 56.25 73.63
   19     0      0 0.45 0.45 0     1 1 1 67.49  64.8
   19 0.033  0.034 0.45            0 0 1 67.49  64.8
   19 0.083  0.087 0.45            0 0 1 67.49  64.8
   19 0.167  0.167 0.45            0 0 1 67.49  64.8
   19  0.25  0.261 0.45            0 0 1 67.49  64.8
   19   0.5   0.54 0.45            0 0 1 67.49  64.8
   19     1  0.998 0.45            0 0 1 67.49  64.8
   19     2  2.012 0.45            0 0 1 67.49  64.8
   19     6  5.951 0.45            0 0 1 67.49  64.8
   19    24 23.288 0.45            0 0 1 67.49  64.8
   19    48 48.807 0.45            0 0 1 67.49  64.8
   20     0      0 0.45 0.45 0     1 1 1  50.9 63.94
   20 0.033  0.034 0.45            0 0 1  50.9 63.94
   20 0.083  0.085 0.45            0 0 1  50.9 63.94
   20 0.167  0.161 0.45            0 0 1  50.9 63.94
   20  0.25  0.249 0.45            0 0 1  50.9 63.94
   20   0.5  0.492 0.45            0 0 1  50.9 63.94
   20     1   0.99 0.45            0 0 1  50.9 63.94
   20     2  1.932 0.45            0 0 1  50.9 63.94
   20     6  5.607 0.45            0 0 1  50.9 63.94
   20    24 24.024 0.45            0 0 1  50.9 63.94
   20    48 46.508 0.45            0 0 1  50.9 63.94
   21     0      0 0.45 0.45 0     1 1 1 75.17 64.88
   21 0.033  0.032 0.45            0 0 1 75.17 64.88
   21 0.083  0.082 0.45            0 0 1 75.17 64.88
   21 0.167  0.159 0.45            0 0 1 75.17 64.88
   21  0.25  0.246 0.45            0 0 1 75.17 64.88
   21   0.5  0.501 0.45            0 0 1 75.17 64.88
   21     1   0.96 0.45            0 0 1 75.17 64.88
   21     2  2.016 0.45            0 0 1 75.17 64.88
   21     6  6.006 0.45            0 0 1 75.17 64.88
   21    24 24.493 0.45            0 0 1 75.17 64.88
   21    48 46.963 0.45            0 0 1 75.17 64.88
   22     0      0 0.45 0.45 0     1 1 1  63.6 64.89
   22 0.033  0.033 0.45            0 0 1  63.6 64.89
   22 0.083   0.09 0.45            0 0 1  63.6 64.89
   22 0.167  0.174 0.45            0 0 1  63.6 64.89
   22  0.25   0.25 0.45            0 0 1  63.6 64.89
   22   0.5  0.495 0.45            0 0 1  63.6 64.89
   22     1  0.998 0.45            0 0 1  63.6 64.89
   22     2  1.925 0.45            0 0 1  63.6 64.89
   22     6  6.166 0.45            0 0 1  63.6 64.89
   22    24 23.559 0.45            0 0 1  63.6 64.89
   22    48 49.481 0.45            0 0 1  63.6 64.89
   23     0      0 0.45 0.45 0     1 1 1 78.55 56.04
   23 0.033  0.033 0.45            0 0 1 78.55 56.04
   23 0.083  0.083 0.45            0 0 1 78.55 56.04
   23 0.167  0.175 0.45            0 0 1 78.55 56.04
   23  0.25  0.256 0.45            0 0 1 78.55 56.04
   23   0.5  0.512 0.45            0 0 1 78.55 56.04
   23     1  0.998 0.45            0 0 1 78.55 56.04
   23     2  2.031 0.45            0 0 1 78.55 56.04
   23     6  5.991 0.45            0 0 1 78.55 56.04
   23    24 24.613 0.45            0 0 1 78.55 56.04
   23    48 48.321 0.45            0 0 1 78.55 56.04
   24     0      0 0.45 0.45 0     1 1 1 75.29 73.26
   24 0.033  0.031 0.45            0 0 1 75.29 73.26
   24 0.083  0.086 0.45            0 0 1 75.29 73.26
   24 0.167  0.167 0.45            0 0 1 75.29 73.26
   24  0.25  0.265 0.45            0 0 1 75.29 73.26
   24   0.5  0.508 0.45            0 0 1 75.29 73.26
   24     1  0.982 0.45            0 0 1 75.29 73.26
   24     2  2.057 0.45            0 0 1 75.29 73.26
   24     6  5.832 0.45            0 0 1 75.29 73.26
   24    24 24.522 0.45            0 0 1 75.29 73.26
   24    48 50.623 0.45            0 0 1 75.29 73.26
   25     0      0 0.45 0.45 0     1 1 1 76.66  50.4
   25 0.033  0.033 0.45            0 0 1 76.66  50.4
   25 0.083  0.082 0.45            0 0 1 76.66  50.4
   25 0.167  0.165 0.45            0 0 1 76.66  50.4
   25  0.25  0.252 0.45            0 0 1 76.66  50.4
   25   0.5  0.471 0.45            0 0 1 76.66  50.4
   25     1  1.001 0.45            0 0 1 76.66  50.4
   25     2  2.153 0.45            0 0 1 76.66  50.4
   25     6  6.242 0.45            0 0 1 76.66  50.4
   25    24 24.436 0.45            0 0 1 76.66  50.4
   25    48 49.732 0.45            0 0 1 76.66  50.4
